33
33
17
18
18
17
16
15
8
29
16
15
17
19
16
17
18
11
9
10
11
9
9
12
8
8
9
10
11
9
9
17
13
8
12
12
16
5
7
8
4
9
9
25
24
26
6
5
7
6
25
18
10
10
4
4
7
8
9
5
9
10
17
16
10
1
11
32
32
5
33
39
8
28
5
8
30
40
13
9
4
4
6
4
6
37
3
3
12
12
46
12
46
4
3
42
5
5
41
3
9
3
14
8
7
8
14
9
8
23
25
22
9
8
22
15
15
17
16
15
31
24
15
23
11
20
9
10
18
19
19
17
17
16
18
16
18
19
18
18
14
15
15
17
16
17
19
22
12
13
25
9
23
10
13
43
11
12
13
12
42
28
38
13
47
14
5
38
3
22
24
23
19
10
9
9
5
10
11
10
5
8
3
4
5
5
7
6
5
4
5
6
6
10
11
10
9
10
4
4
4
4
4
9
6
5
30
5
15
7
14
15
16
5
5
1
1
1
1
1
1
1
1
1
1
1
1
1
1
1
1
1
1
1
1
1
1
1
1
1
1
1
1
1
1
2
1
1
20
19
5
20
5
5
4
7
18
2
4
16
3
1
2
11
7
2
7
7
2
11
22
22
22
12
7
10
5
11
7
2
3
2
2
1
4
4
3
2
3
4
4
4
4
3
3
3
2
5
3
12
8
3
12
7
3
2
14
3
2
11
10
4
5
4
8
5
5
4
3
3
3
4
4
10
11
7
6
7
6
5
7
10
7
3
3
4
3
1
17
15
10
19
14
8
13
14
4
2
3
3
4
15
13
3
9
10
13
12
14
21
11
11
11
12
11
11
4
3
17
9
18
8
17
8
3
14
11
3
7
6
21
7
14
12
12
7
7
6
7
32
7
7
8
1
2
1
1
1
1
1
1
1
1
1
1
1
2
1
1
1
4
6
4
4
7
16
6
6
16
3
9
8
6
5
6
35
14
28
15
28
28
21
22
5
22
28
4
23
7
9
8
9
8
20
20
21
22
7
11
9
3
12
8
8
7
7
