6
6
19
11
25
9
3
5
6
14
15
16
5
27
27
24
23
24
12
12
27
21
63
17
3
62
17
3
8
2
2
3
4
29
29
30
14
15
22
14
15
15
15
15
14
14
14
12
13
11
13
10
11
24
14
7
5
13
6
9
13
23
15
8
13
13
15
13
14
12
12
13
5
10
14
6
7
7
7
11
11
7
9
11
10
4
4
6
8
15
31
20
7
2
11
6
8
14
17
9
33
9
20
8
12
5
11
5
5
5
5
30
5
31
8
26
16
17
11
28
31
22
28
6
17
6
6
8
16
6
13
13
14
8
31
16
14
13
14
7
20
21
23
8
18
20
4
12
5
4
5
4
3
11
17
31
8
6
23
14
6
22
22
17
23
8
22
8
31
43
42
31
42
41
31
12
8
31
10
6
16
16
20
20
19
14
14
15
2
5
24
5
5
5
28
19
7
18
34
13
5
13
17
22
16
16
15
25
16
15
2
37
7
24
37
25
28
23
23
23
21
24
10
22
23
8
18
17
18
16
17
7
17
15
30
30
15
15
12
12
31
18
32
15
7
6
8
7
5
13
13
8
10
7
39
8
9
14
9
15
13
12
8
14
14
3
16
16
15
12
19
19
20
33
49
49
10
31
7
33
20
20
12
12
21
19
4
5
8
11
14
14
10
5
12
18
9
16
16
6
5
14
15
13
16
7
15
25
9
13
15
13
24
19
19
18
20
7
19
12
7
19
86
23
10
11
7
7
9
2
19
2
5
24
10
6
18
10
9
6
26
7
26
26
5
11
27
23
9
6
21
21
11
33
5
13
14
23
28
27
15
12
13
5
5
7
10
12
11
13
14
15
13
15
17
15
3
14
18
5
3
3
14
3
12
3
11
3
13
15
3
13
6
17
17
11
13
16
15
6
5
5
13
9
5
4
6
6
5
12
2
11
14
10
3
4
7
8
41
19
6
5
7
4
3
4
5
5
2
7
4
14
9
6
5
9
9
9
8
18
22
6
17
3
18
3
3
2
5
1
6
5
7
35
6
34
11
34
6
7
7
6
6
34
7
8
34
34
34
33
24
21
17
2
25
6
3
3
4
31
5
32
5
7
8
3
2
9
8
14
2
1
2
10
3
13
7
4
4
22
2
7
4
8
8
3
4
7
10
14
8
6
8
6
6
40
9
46
42
21
41
46
9
12
14
9
7
9
9
7
8
6
8
6
7
7
14
8
2
4
10
11
8
6
10
7
3
1
15
5
6
5
6
4
4
6
6
6
6
4
10
9
4
6
4
7
9
9
5
8
4
3
4
5
13
2
1
12
5
4
10
3
4
2
3
7
9
9
9
3
5
7
6
6
8
3
6
7
7
1
6
7
9
1
6
10
2
6
1
7
8
6
3
4
7
4
3
7
3
21
3
12
15
8
17
9
18
7
6
5
2
6
6
6
7
6
11
6
6
7
5
9
12
7
8
16
3
10
5
6
4
10
15
18
9
3
3
6
4
16
17
18
10
16
6
13
8
7
2
1
2
1
11
16
16
2
31
4
32
5
4
5
4
4
4
4
5
4
5
11
10
2
2
1
2
2
2
2
2
2
2
2
2
23
15
15
15
9
3
2
4
8
8
8
8
10
8
9
18
3
4
10
9
5
2
8
8
8
8
31
32
5
5
6
6
6
1
5
22
22
18
21
15
15
5
4
12
11
11
11
12
10
12
11
15
13
9
9
14
4
11
3
4
5
4
20
5
20
10
9
2
12
6
3
14
20
20
21
5
20
21
2
16
17
9
7
6
13
10
3
6
7
4
18
3
17
19
20
7
6
1
8
8
11
11
10
10
9
10
9
6
21
21
21
7
21
21
20
3
4
15
15
13
16
14
14
3
5
6
8
8
8
8
8
7
7
21
21
21
8
21
20
21
15
15
9
10
9
22
10
13
10
23
10
13
11
12
10
11
13
12
12
13
6
8
3
8
5
6
3
5
2
4
2
14
15
2
14
14
5
4
15
3
6
3
6
4
15
2
6
5
6
3
13
16
19
17
6
7
6
3
6
6
9
9
9
4
9
9
5
4
4
12
9
14
7
5
11
12
10
11
8
10
3
8
8
12
6
5
11
3
5
6
7
7
9
12
6
2
3
1
31
29
3
3
3
2
3
3
3
12
3
3
12
18
4
2
11
10
20
20
3
34
3
20
9
6
3
3
6
10
6
10
6
12
11
11
7
2
11
19
15
11
4
3
2
15
10
3
11
3
11
3
14
6
12
3
10
2
3
2
7
2
3
31
30
30
11
14
13
4
11
8
3
6
11
5
4
5
2
2
2
2
2
2
2
2
2
2
13
7
13
17
4
9
9
9
29
2
2
3
15
17
17
4
4
4
20
18
12
18
11
3
3
6
2
10
10
27
25
4
3
3
6
13
13
1
13
14
12
14
14
14
7
17
3
3
3
3
3
3
3
3
3
3
3
20
22
20
26
8
8
26
8
26
48
15
7
6
3
4
9
9
9
9
4
9
12
15
17
20
19
18
12
14
5
6
2
8
13
7
4
8
6
9
8
4
3
2
16
9
16
8
16
15
14
15
14
12
10
9
1
12
10
9
9
10
10
5
5
4
8
11
5
2
3
3
4
3
4
3
4
2
6
3
4
4
4
4
4
5
3
4
3
19
13
12
18
5
2
17
18
7
18
5
5
7
13
12
13
10
12
6
20
2
10
4
15
14
6
6
16
3
6
4
5
15
7
4
4
16
6
23
22
22
16
22
7
21
20
7
11
5
11
4
5
22
22
22
4
22
3
3
12
12
3
7
12
2
38
4
11
1
16
13
16
12
14
16
24
24
24
23
10
24
6
29
7
8
3
10
3
1
15
16
17
2
15
5
19
17
12
11
19
4
4
4
4
17
4
4
6
2
10
11
4
4
5
14
4
9
6
5
5
14
21
12
19
11
10
11
12
10
1
21
11
9
24
7
26
15
7
11
9
3
3
6
6
3
12
3
3
7
7
7
6
3
8
30
9
4
22
5
27
4
4
21
4
7
13
7
11
4
11
7
7
7
6
7
8
7
7
7
8
7
4
3
7
3
6
15
14
11
3
4
11
6
5
3
4
4
5
3
2
1
2
1
4
5
11
4
7
4
4
11
4
10
10
7
32
43
18
11
3
5
4
5
6
10
12
11
14
3
7
15
11
12
6
10
14
15
12
7
7
7
24
8
4
5
8
9
8
13
16
15
15
4
4
5
5
9
1
8
8
8
1
2
8
8
5
7
5
9
4
13
2
2
12
11
10
10
2
10
10
6
3
18
51
3
6
6
5
14
15
5
14
5
7
5
10
2
11
10
11
9
8
6
7
10
17
6
5
7
6
11
3
7
13
3
13
11
13
2
13
3
6
3
3
43
43
11
11
11
18
5
14
13
12
13
12
13
4
4
1
1
6
6
10
4
11
4
11
10
11
5
1
4
