23
22
11
12
12
11
11
11
12
12
12
12
11
13
7
18
16
7
15
6
7
15
8
14
8
6
4
19
20
18
3
4
14
13
13
14
14
14
25
10
11
25
10
13
14
14
7
5
16
12
14
6
6
8
17
8
9
43
20
21
21
11
12
12
11
55
24
37
38
15
8
7
7
8
39
15
8
8
10
19
10
8
8
20
8
5
6
5
4
5
18
25
24
24
15
23
24
22
11
36
43
9
6
14
26
6
27
7
5
6
41
7
42
41
10
40
6
7
7
11
10
4
9
9
10
6
6
23
19
17
17
4
3
13
32
9
29
30
5
32
9
31
23
10
30
4
7
14
10
14
15
16
12
15
21
21
15
7
11
13
13
12
6
26
12
11
7
6
7
25
10
44
44
42
43
8
8
31
27
34
32
30
32
4
4
9
20
8
7
18
17
16
10
6
5
10
11
8
9
14
115
116
3
9
28
8
6
9
4
3
14
31
13
3
4
35
29
15
15
11
11
11
9
15
7
6
16
13
4
9
9
7
6
8
12
5
12
8
8
21
22
36
21
21
16
17
18
17
10
10
17
18
16
18
16
17
11
11
12
12
19
12
12
12
12
13
11
21
36
15
5
6
5
32
10
11
9
14
10
11
12
24
3
6
7
6
10
9
9
10
24
9
9
12
2
19
7
7
7
11
7
6
6
2
17
6
6
16
30
15
17
15
27
14
14
14
17
15
16
13
7
17
11
10
9
8
10
9
4
3
14
7
7
11
17
18
5
4
10
15
5
11
9
11
50
11
11
6
13
18
22
7
9
22
20
22
22
9
23
14
6
9
13
6
7
7
15
16
14
12
3
3
13
78
4
4
3
4
3
2
12
20
11
12
8
37
11
17
17
16
17
16
18
36
16
18
5
14
24
18
15
14
1
11
11
2
1
1
2
1
1
1
1
1
1
1
1
1
1
1
16
8
6
7
10
16
1
5
11
6
7
5
5
4
7
5
5
3
3
3
4
5
1
1
4
2
4
2
2
2
2
2
2
3
1
2
2
2
2
3
2
3
16
16
17
16
15
15
2
16
17
14
4
16
13
16
15
15
16
4
24
8
5
1
2
4
5
23
24
5
2
1
8
9
9
8
26
9
11
4
7
2
8
4
1
1
1
3
5
4
5
4
5
10
5
11
10
11
16
5
10
14
7
2
13
17
10
9
12
16
13
8
6
17
16
2
3
19
3
18
14
12
4
13
19
1
13
2
9
11
9
8
6
7
4
5
2
6
5
5
4
9
9
9
4
6
10
2
3
3
4
10
40
11
10
7
22
3
2
6
20
20
3
2
3
9
2
9
6
7
6
6
8
8
9
4
8
5
11
11
15
21
11
40
17
3
10
7
9
11
6
10
15
15
2
18
10
6
9
8
17
4
16
15
7
4
30
9
6
6
9
10
5
6
6
9
9
4
5
6
10
10
10
2
26
2
10
9
7
10
26
25
2
10
10
9
10
11
2
3
6
5
4
5
5
5
5
5
4
1
12
11
6
6
7
5
6
6
2
3
7
7
5
2
14
13
4
4
4
16
15
13
6
1
9
9
3
2
2
5
2
3
1
20
6
5
9
24
24
23
24
24
24
23
4
1
5
5
7
14
17
1
3
3
17
3
18
1
19
2
2
13
33
2
6
5
5
3
4
5
14
14
13
11
13
8
5
8
22
3
2
2
16
14
6
4
4
4
7
5
8
6
7
9
2
3
4
6
6
19
20
2
2
7
16
5
3
5
3
4
8
5
6
6
6
6
6
7
13
24
23
24
5
6
7
7
8
1
5
7
6
7
7
10
7
4
6
6
2
2
3
5
1
15
15
14
3
3
11
9
3
2
1
2
3
12
15
4
4
3
12
2
7
4
4
6
3
5
9
9
8
9
3
6
4
8
42
9
2
3
3
21
22
21
8
9
9
10
10
8
6
7
7
7
2
8
8
6
5
4
3
6
4
2
2
9
7
8
8
3
13
11
12
12
12
9
9
12
26
18
17
3
3
1
3
8
1
9
2
12
12
13
10
10
12
11
11
9
10
14
12
12
12
12
19
2
3
5
4
4
8
20
4
7
3
8
11
6
7
7
3
3
3
22
4
4
4
4
4
3
4
10
10
5
7
4
7
10
1
4
3
9
10
4
21
8
6
7
21
20
20
6
9
19
20
6
2
3
4
6
4
14
4
3
4
4
2
3
21
8
2
17
16
17
15
17
17
14
17
7
14
16
15
16
15
14
6
6
14
11
6
2
2
15
13
21
3
16
13
8
2
2
3
2
11
4
2
2
2
10
2
2
3
8
5
5
4
9
5
5
6
6
4
5
5
5
4
5
5
5
5
25
7
3
7
6
7
6
6
5
5
5
7
7
5
5
6
5
6
6
5
6
5
5
5
5
3
29
27
25
27
27
17
2
4
4
4
3
3
2
3
3
3
4
42
3
4
4
13
4
4
3
3
4
11
8
15
3
4
5
5
5
3
10
10
11
11
7
6
5
1
1
11
12
8
5
8
8
4
12
11
11
4
2
5
8
2
2
9
7
16
8
10
15
10
15
4
3
5
16
15
4
4
5
5
5
4
13
13
5
3
22
23
18
2
19
3
2
5
7
11
4
3
2
5
25
26
14
5
18
4
13
17
4
25
24
2
8
7
8
8
8
4
8
6
