3
3
9
9
17
8
17
17
8
11
12
12
29
6
13
10
8
11
11
9
6
8
9
24
9
22
17
21
21
11
14
30
10
29
15
6
10
5
40
24
4
22
11
19
24
21
21
25
8
11
23
24
24
10
9
21
20
23
12
25
8
10
10
11
11
18
35
36
34
18
4
35
7
5
44
44
25
12
26
44
21
13
68
18
25
31
18
9
9
6
29
28
16
7
4
8
3
7
22
10
10
9
9
9
10
8
8
22
10
5
38
17
27
19
26
18
5
8
22
13
13
22
23
11
11
12
11
19
19
6
52
23
52
19
23
15
13
14
14
37
13
14
18
12
10
9
21
17
17
18
18
15
7
11
15
15
14
15
12
22
22
11
5
12
7
20
8
3
9
8
9
20
8
25
5
6
6
6
6
12
8
15
6
5
4
5
6
67
14
8
14
14
30
13
14
13
4
13
14
14
14
14
13
7
7
28
11
11
10
10
14
12
21
26
14
12
18
19
6
6
11
12
12
12
11
8
9
10
9
15
35
7
10
10
10
11
20
13
13
12
14
20
14
19
3
13
38
36
8
6
9
8
7
8
8
9
8
8
16
17
20
9
9
9
18
19
19
23
18
14
18
36
8
7
7
6
7
5
6
7
8
5
14
13
14
11
7
8
7
30
29
28
10
2
5
10
10
8
4
6
8
9
7
12
10
62
10
8
10
29
16
15
16
15
18
21
15
16
7
2
6
6
15
11
14
13
15
13
14
13
32
32
31
34
35
33
32
33
3
21
5
15
5
15
9
14
12
12
11
6
10
7
7
7
8
5
3
18
24
23
25
26
3
25
21
22
4
9
4
5
5
12
24
21
8
24
9
4
40
5
4
39
5
5
35
34
37
38
4
4
15
22
11
22
17
16
13
10
12
7
7
12
10
13
8
15
4
14
14
14
16
28
8
13
8
15
13
14
10
10
9
11
10
22
11
19
21
21
20
21
20
21
18
5
18
6
18
3
28
27
32
28
29
25
6
15
17
17
17
6
6
7
6
7
17
16
6
6
7
11
3
10
8
13
9
13
14
12
13
19
10
9
9
9
2
9
2
3
3
33
7
7
33
6
5
10
4
3
3
21
22
14
10
10
15
27
6
38
25
53
22
54
22
22
32
13
8
33
21
23
21
20
22
20
23
23
22
33
25
25
25
9
9
18
26
32
18
21
26
28
31
28
31
22
6
7
17
6
15
12
7
9
21
7
8
31
9
8
37
3
32
30
30
15
15
15
9
32
13
6
21
15
3
3
15
16
9
14
14
40
6
11
40
40
8
12
7
8
10
14
19
6
5
4
18
7
26
26
25
27
26
27
20
14
14
21
15
9
29
14
21
21
21
15
12
13
14
14
15
13
13
13
11
13
15
13
7
7
7
17
8
6
19
8
20
9
10
8
19
8
17
10
13
11
9
9
12
15
16
17
16
14
17
18
9
5
5
16
20
7
17
16
15
17
16
11
18
15
12
18
12
16
17
10
12
53
40
9
20
52
20
20
23
17
17
17
16
3
14
11
10
9
11
11
7
11
5
6
11
11
8
9
21
5
16
12
24
12
58
30
16
4
5
14
5
27
24
27
4
3
4
7
10
8
10
11
9
4
9
3
4
12
4
10
2
1
1
6
11
10
7
22
8
7
6
21
8
22
22
6
7
8
12
12
15
15
15
12
9
21
13
10
6
6
4
17
10
13
14
15
16
16
9
8
5
5
4
5
5
4
4
4
4
4
14
4
13
14
3
16
15
16
12
15
12
2
9
2
4
3
3
2
8
2
10
11
7
13
12
13
12
6
2
2
4
4
5
4
2
1
10
14
8
16
19
17
19
5
2
5
1
3
16
17
34
34
12
20
11
19
12
18
4
6
5
6
8
7
7
7
5
5
4
9
8
9
5
26
14
15
14
16
16
16
21
21
21
21
4
4
3
8
3
7
5
7
6
5
6
5
6
3
3
4
3
4
3
4
6
7
8
4
4
3
2
1
1
6
5
5
6
6
5
6
6
6
6
4
5
23
20
19
13
13
9
9
3
4
4
4
4
4
2
5
2
4
3
3
3
3
4
4
3
4
3
5
2
2
2
4
8
7
10
6
7
8
8
10
5
9
10
4
10
8
3
9
3
3
12
2
10
12
3
1
8
17
10
12
9
10
12
3
12
3
4
2
3
3
3
6
10
11
11
11
2
8
3
7
2
5
5
7
6
3
1
21
22
23
3
3
7
4
10
7
10
3
10
11
12
8
31
30
20
19
6
1
4
1
9
8
9
6
6
7
7
6
6
8
7
4
4
5
5
2
4
3
1
3
3
4
8
5
3
8
9
4
20
24
21
1
10
10
9
10
12
12
21
15
15
15
7
3
15
18
18
18
8
4
2
8
9
4
9
2
7
4
11
3
3
20
3
3
11
4
4
6
6
2
2
14
4
5
22
23
15
14
3
12
3
11
4
4
5
3
3
9
8
9
7
14
9
15
8
13
8
10
9
5
3
14
13
7
22
4
6
2
8
15
3
23
24
26
3
26
3
26
11
10
5
4
8
6
4
10
11
7
10
2
2
2
2
7
6
5
7
5
6
31
6
4
6
6
6
6
5
6
6
1
7
8
4
4
5
6
5
5
5
4
4
4
9
4
7
5
8
4
6
9
9
17
17
3
4
7
6
7
7
10
11
8
8
7
5
3
3
13
7
3
5
5
12
13
1
11
11
10
10
11
9
9
11
6
9
8
8
1
2
10
8
10
3
2
2
3
2
3
3
11
9
10
10
2
2
4
7
6
7
9
9
4
6
3
14
3
3
21
10
8
9
9
11
7
10
14
8
6
6
6
17
16
16
14
15
6
5
4
6
11
6
5
11
7
7
7
7
1
11
12
12
1
1
12
34
8
10
9
10
11
4
8
32
31
12
3
9
9
8
8
1
3
9
5
2
5
13
10
9
3
10
11
12
12
8
9
9
10
11
20
10
16
11
2
4
9
9
9
9
11
12
5
16
14
5
16
4
5
5
6
6
8
26
5
5
5
11
11
10
11
10
14
6
19
5
20
5
5
5
5
5
14
3
1
12
17
10
5
3
2
6
9
9
9
6
6
6
5
5
5
8
8
9
10
8
6
10
1
11
11
14
12
14
13
13
13
4
4
4
18
22
17
9
18
23
23
23
10
11
2
6
4
12
4
6
5
11
2
7
3
1
10
3
4
5
4
36
5
11
2
6
4
56
4
6
5
6
3
2
2
6
6
5
6
4
4
12
3
4
5
13
3
12
1
7
22
22
10
11
42
41
42
12
12
11
13
11
1
26
16
14
17
8
13
13
5
3
3
4
5
2
3
8
9
2
22
1
7
9
14
7
12
12
5
5
4
6
16
16
16
19
29
16
14
2
12
12
3
4
9
4
6
7
5
3
2
2
8
8
2
7
9
9
9
4
24
7
25
7
10
7
3
2
3
18
14
15
12
11
6
7
7
14
9
8
11
11
3
3
4
7
22
18
2
6
20
23
19
3
17
5
5
8
11
6
6
6
7
6
5
2
9
13
13
14
2
2
2
2
4
2
2
2
2
2
2
2
2
2
2
2
2
2
2
2
2
