39
43
42
41
6
23
6
3
19
18
23
19
18
11
12
69
8
13
14
15
15
15
14
14
14
15
12
15
15
14
13
10
15
4
23
9
10
15
11
21
19
56
11
60
56
55
4
54
8
11
10
12
10
15
6
9
14
11
17
7
9
7
17
10
18
14
17
14
18
4
11
27
20
27
12
11
19
11
18
6
20
2
5
39
30
34
81
10
8
8
9
9
22
2
22
18
8
18
2
11
12
43
7
24
8
15
10
25
7
31
55
12
17
25
3
25
26
27
19
19
4
4
4
20
8
9
11
10
11
85
11
12
7
40
15
41
10
14
15
14
14
5
4
6
6
15
12
11
2
21
7
6
6
7
18
4
2
45
46
3
7
5
7
24
6
7
23
7
12
7
12
8
4
6
2
7
8
13
15
2
21
3
4
5
5
5
4
6
4
3
11
37
4
4
3
15
18
7
20
8
16
4
9
9
9
58
57
15
16
15
2
19
14
22
20
20
13
21
19
21
20
6
21
6
7
5
7
7
22
4
4
27
12
23
21
22
22
20
21
20
20
11
16
11
16
14
10
14
15
11
27
8
7
7
7
9
31
8
6
12
6
7
6
30
26
5
4
5
6
7
8
1
8
21
21
11
24
10
24
19
24
22
11
7
20
12
5
5
14
16
12
13
12
5
5
15
4
16
4
21
15
4
15
5
23
18
19
7
25
19
22
15
22
19
21
13
14
14
13
12
13
12
11
6
8
12
11
12
11
10
30
17
29
31
16
30
17
9
10
10
18
4
11
12
12
12
11
11
10
10
32
33
24
33
7
5
25
34
12
12
13
25
24
23
20
30
22
16
15
14
25
17
13
13
19
22
20
12
12
12
19
4
19
17
4
7
17
5
8
28
33
9
30
10
12
39
11
11
13
12
12
40
12
10
10
14
45
4
4
6
8
5
6
8
5
7
5
6
5
29
16
19
20
25
9
10
16
15
8
26
10
20
12
18
11
7
12
9
5
22
21
10
15
20
13
13
13
13
12
17
68
12
17
3
28
15
14
14
15
26
25
17
16
9
9
10
10
17
9
13
6
3
2
5
8
9
4
4
1
6
3
3
32
12
32
13
14
32
3
8
11
11
10
15
14
10
8
10
4
10
9
10
10
11
17
2
13
2
2
2
23
6
24
26
11
1
1
1
1
1
1
1
9
1
1
1
6
7
8
9
9
8
9
18
17
16
15
16
18
12
12
11
11
3
2
12
1
4
13
2
13
16
16
16
21
23
22
23
22
23
21
4
4
4
25
25
13
12
8
3
14
3
4
4
8
4
13
6
14
15
3
3
3
2
14
14
5
5
6
6
15
14
15
15
4
3
3
7
8
32
8
10
32
31
12
2
32
12
23
8
21
8
22
10
9
12
8
5
23
7
5
23
2
2
30
5
5
5
5
5
6
12
6
17
11
6
4
7
16
16
2
16
3
7
15
3
17
2
3
2
9
6
5
5
6
5
6
6
6
5
6
19
4
12
11
7
1
11
12
6
8
6
5
4
6
14
9
3
9
9
8
9
9
9
9
8
3
5
4
9
15
20
11
9
9
5
7
5
20
22
8
19
4
9
5
19
21
8
6
11
29
7
22
13
13
3
6
6
6
3
8
7
29
1
4
6
11
4
6
5
4
5
7
29
11
5
2
7
5
8
11
11
6
7
11
11
7
11
7
12
8
8
7
8
8
17
6
12
11
8
8
10
8
8
7
12
2
6
7
6
12
5
4
22
5
39
14
2
2
4
19
19
40
40
14
20
15
13
12
4
23
4
16
5
16
5
1
9
9
8
5
23
4
28
16
5
16
3
6
3
3
9
4
2
10
6
7
1
20
6
20
19
18
19
18
18
19
13
14
6
6
3
13
40
40
40
40
41
6
4
2
9
24
24
23
3
2
5
5
4
5
5
9
4
13
12
9
15
4
6
6
6
4
6
5
6
5
5
6
10
5
10
19
2
15
2
2
2
2
2
6
6
5
8
14
2
5
2
2
2
3
19
20
13
15
14
14
8
13
65
29
4
4
23
19
30
30
4
11
11
12
11
11
5
10
7
13
14
5
11
10
12
10
10
5
6
3
3
4
3
3
3
3
8
10
6
11
7
5
7
6
6
14
7
7
17
10
11
17
17
11
10
11
18
28
27
15
6
6
11
2
4
13
7
3
12
12
3
3
2
1
9
7
10
11
27
7
11
6
8
3
11
6
3
10
5
6
4
6
5
6
6
12
8
12
12
12
24
9
5
3
4
39
10
11
4
4
5
10
11
4
10
7
11
10
15
3
9
10
11
5
17
8
17
17
41
1
42
4
6
2
20
7
21
10
15
15
7
6
12
7
21
21
5
23
8
6
11
5
4
2
2
3
19
4
12
9
10
11
11
12
2
5
8
7
3
3
3
3
3
3
10
2
1
13
13
14
20
20
7
10
13
12
7
10
1
4
20
20
20
5
4
4
6
4
3
4
4
16
3
3
15
3
8
16
9
4
3
4
7
3
4
3
5
3
6
4
5
6
4
5
3
3
3
3
3
3
2
3
14
3
3
2
3
3
14
3
14
3
3
3
3
3
14
14
5
5
14
14
5
3
5
12
2
14
7
5
7
3
15
16
9
9
14
14
14
14
14
14
14
14
14
14
14
14
14
14
14
14
14
14
14
14
11
10
7
8
24
1
20
6
10
4
11
7
6
3
5
6
13
14
13
6
11
17
14
14
8
3
6
7
15
2
2
7
14
4
5
7
15
18
7
7
15
4
3
15
15
15
8
10
11
2
7
8
12
4
10
4
25
5
10
4
8
5
10
10
9
26
25
15
10
14
12
7
9
1
9
8
13
35
4
3
6
8
8
8
3
3
8
8
8
8
3
7
1
9
1
1
1
8
1
9
1
1
1
1
1
1
1
1
1
1
1
1
1
2
1
1
1
1
1
1
1
1
1
1
7
1
7
7
1
7
7
1
7
8
7
8
7
7
6
8
8
8
8
8
10
10
15
14
11
3
8
29
5
9
28
2
4
4
14
4
14
5
4
8
4
14
2
10
10
6
10
1
18
17
7
7
20
18
18
19
2
6
7
6
8
8
9
9
11
10
9
8
8
8
7
13
2
11
24
19
4
11
4
6
4
4
13
11
3
2
7
12
4
5
5
6
6
5
12
17
17
7
5
6
7
24
22
22
23
22
5
21
21
18
21
9
10
7
9
2
23
13
13
5
12
12
3
2
4
6
6
20
7
6
2
7
3
12
12
12
12
13
14
4
14
12
13
7
27
4
6
27
6
21
10
3
10
12
3
4
20
12
20
5
30
11
12
13
12
11
11
8
8
1
14
5
8
15
27
4
28
3
28
4
3
3
27
28
4
4
4
4
4
4
16
15
2
15
12
10
12
9
1
4
10
10
27
5
17
4
17
1
1
14
14
4
5
4
5
5
4
5
1
6
7
5
3
2
7
8
9
6
7
8
2
5
8
23
6
2
14
13
9
14
2
13
7
12
5
7
8
5
2
2
2
4
2
4
2
2
2
2
2
16
2
9
2
6
7
5
8
5
13
15
11
4
11
4
8
3
8
4
4
11
3
6
6
7
6
7
8
2
9
9
5
3
4
5
13
14
15
13
12
4
3
2
3
3
10
11
4
26
25
11
12
11
10
10
51
5
8
6
11
9
7
4
9
16
9
4
19
10
14
16
17
15
16
36
35
36
35
36
35
36
36
12
36
36
36
37
34
34
35
35
37
36
36
35
35
36
35
37
35
35
35
38
5
10
11
3
2
2
2
27
5
4
6
5
5
5
8
4
14
4
1
4
4
4
16
6
4
2
6
1
8
7
9
13
1
5
3
4
6
3
18
13
12
1
13
11
18
1
32
31
5
32
12
6
19
12
12
13
2
12
10
2
9
3
4
10
10
9
4
32
2
32
16
15
14
9
15
9
9
8
6
15
7
8
20
8
6
1
7
8
1
25
10
12
9
30
13
25
6
14
6
6
5
8
5
11
11
9
13
11
12
13
5
4
5
5
13
4
5
2
5
3
4
4
3
5
5
21
4
12
5
12
5
24
6
4
5
6
6
5
5
6
5
6
6
5
8
2
5
13
5
5
11
4
11
10
18
3
11
3
8
7
8
8
7
6
8
6
8
8
11
10
11
12
11
38
40
39
39
38
5
5
4
3
6
4
4
6
2
3
2
3
6
6
2
3
4
4
14
5
5
6
5
6
5
5
14
8
14
6
7
4
4
4
3
3
4
4
4
9
9
7
8
9
6
7
8
7
7
8
12
10
12
11
7
13
12
13
12
12
11
7
3
5
3
7
19
7
4
6
3
5
6
7
7
6
5
17
16
19
17
16
6
7
7
4
5
5
18
14
3
19
11
32
20
2
3
11
8
40
4
39
39
32
6
9
6
8
5
14
14
8
14
22
4
9
19
20
9
2
4
19
20
19
18
3
3
19
6
5
6
6
4
19
4
7
5
18
9
4
4
5
10
2
3
14
13
14
4
6
5
5
4
5
14
14
12
12
4
17
17
16
15
17
17
17
18
10
11
11
10
20
16
20
11
4
7
11
4
4
5
6
5
3
2
3
5
3
5
4
6
4
6
4
3
4
14
6
5
5
4
5
8
7
8
20
18
20
21
20
8
18
17
17
18
21
10
15
8
9
10
5
8
14
13
16
12
14
3
4
6
9
6
5
5
22
5
11
6
11
11
4
5
2
4
3
4
6
5
14
11
7
3
13
8
8
7
4
10
3
3
13
6
6
11
14
4
6
3
4
3
4
3
5
5
6
2
13
7
14
12
3
3
3
4
8
13
4
4
6
8
13
17
4
14
43
8
8
4
13
5
5
5
5
5
5
5
5
4
1
2
12
12
10
8
11
7
7
8
8
7
6
11
10
6
6
6
3
4
