20
7
8
7
5
20
28
7
8
20
33
20
22
23
25
24
21
7
22
5
21
15
15
14
15
25
15
11
16
38
20
19
19
21
11
40
38
38
7
7
8
7
5
7
16
18
18
15
9
14
14
14
2
23
19
17
30
31
32
5
8
18
8
23
31
8
34
23
14
21
15
17
12
11
18
17
18
18
21
24
22
25
7
12
7
4
14
16
8
9
9
12
10
16
6
14
21
23
24
18
21
8
20
8
22
7
8
6
8
11
12
20
20
6
20
20
20
16
16
20
12
20
33
5
32
12
13
2
5
14
13
43
14
13
14
12
13
14
13
13
24
4
12
4
13
7
22
23
20
23
20
18
14
23
14
13
19
11
12
40
19
21
3
21
20
20
3
21
27
19
9
18
26
13
28
5
22
28
28
20
20
13
19
11
16
13
12
11
13
13
13
15
16
15
16
39
14
39
27
32
21
23
15
23
7
16
8
15
14
16
28
8
8
22
22
7
10
12
12
15
27
9
17
18
5
20
6
9
6
10
12
11
21
17
16
16
16
18
18
20
13
17
19
12
11
12
11
9
12
11
13
11
6
7
9
6
5
6
10
5
6
24
11
10
7
8
8
14
10
15
7
14
4
9
8
7
8
12
12
18
31
31
18
32
31
15
17
31
30
38
20
9
19
43
17
17
44
31
8
18
9
8
9
36
19
34
33
33
33
36
34
25
33
33
35
32
6
21
19
20
19
15
18
19
20
15
17
18
19
17
19
19
19
18
20
19
18
16
17
18
17
9
9
3
14
6
5
4
7
6
8
6
7
7
4
20
27
4
12
12
9
12
10
7
2
12
6
7
10
12
9
4
13
13
10
11
10
23
20
9
4
24
10
7
5
6
21
22
17
37
21
23
8
21
11
19
23
24
25
23
15
24
19
23
26
26
28
5
11
21
23
9
18
15
16
17
20
9
7
3
4
3
4
8
4
3
3
2
6
12
8
14
14
31
33
14
8
16
19
3
15
16
3
4
17
15
15
13
11
16
16
16
15
7
10
10
14
14
10
5
5
6
1
9
5
11
19
18
19
20
20
11
12
18
19
20
15
15
15
14
14
2
9
5
9
19
7
11
11
30
13
5
11
10
12
13
8
7
8
8
11
9
9
9
89
90
10
17
11
17
8
9
12
11
18
63
9
18
6
6
15
15
16
16
15
6
15
12
10
12
11
6
16
15
15
16
12
20
17
20
19
21
16
7
7
6
6
9
9
9
24
9
6
24
25
14
36
13
11
36
10
13
12
13
13
13
11
14
16
14
41
40
48
23
9
7
20
20
21
9
18
19
4
10
12
10
2
13
9
17
14
9
13
10
4
3
3
7
2
10
10
25
27
9
6
3
7
20
9
8
35
3
7
3
3
11
6
10
4
13
7
10
7
2
8
14
2
2
8
2
20
11
11
10
10
13
10
10
10
12
10
11
11
10
23
5
4
14
4
14
6
15
14
6
18
15
4
5
6
10
11
18
18
9
18
8
5
21
8
5
6
4
13
2
8
14
12
9
8
10
10
14
10
13
16
5
2
16
10
9
9
9
8
8
9
9
9
8
1
9
22
22
33
50
49
5
4
7
1
1
1
1
1
9
3
1
16
9
11
6
7
9
9
9
7
12
15
11
11
11
16
15
11
5
1
4
13
3
3
2
4
4
14
5
3
5
14
5
2
10
5
2
8
24
11
2
4
3
4
4
11
16
23
22
22
23
1
2
5
6
6
4
5
6
5
6
6
4
5
5
7
8
7
6
2
5
6
7
8
7
7
7
19
7
1
1
1
1
7
4
2
1
1
1
1
1
1
1
1
1
1
1
1
1
6
1
1
1
1
1
1
3
3
3
3
3
1
1
1
1
1
1
1
6
7
8
1
2
8
1
1
1
8
8
4
8
8
7
8
8
1
1
1
1
1
1
1
1
1
1
1
1
1
1
12
3
12
6
1
1
6
6
2
10
3
7
8
12
13
12
8
11
6
8
21
12
12
7
13
11
5
13
13
3
1
1
1
1
1
1
1
1
3
7
1
3
16
9
20
21
1
1
2
1
1
8
2
6
4
6
5
7
6
5
4
5
7
4
5
5
2
3
16
16
15
11
11
4
6
1
6
22
21
25
22
1
8
8
7
1
9
3
12
6
6
6
6
22
5
22
10
22
5
4
5
4
5
3
6
2
5
1
56
55
4
3
2
10
1
3
12
23
5
4
4
6
22
22
4
4
4
7
8
7
8
8
7
8
10
12
11
11
11
7
10
10
3
6
14
14
15
15
15
15
1
2
13
17
13
7
13
16
4
6
2
5
6
6
16
12
1
4
4
4
5
4
1
6
3
2
2
2
2
2
2
3
2
2
1
2
2
2
3
4
2
2
2
3
3
4
5
13
13
14
14
13
14
12
10
10
10
9
9
11
6
13
10
9
10
9
2
3
2
3
6
5
4
4
4
5
10
4
11
6
3
4
29
27
7
7
5
6
9
9
8
7
9
8
17
18
9
10
12
4
1
7
8
6
2
3
2
6
4
4
4
6
6
3
14
14
13
11
1
15
15
14
10
9
8
6
4
2
3
3
12
11
3
14
11
12
1
5
4
4
5
5
5
3
14
5
13
5
11
10
11
9
10
9
11
10
10
11
4
10
12
5
34
10
5
8
6
14
13
16
13
14
4
7
3
4
2
13
4
2
17
1
1
1
1
1
2
1
6
6
19
17
19
20
18
1
1
1
1
6
1
1
1
1
1
1
1
1
1
1
1
7
1
1
1
1
1
1
1
1
1
1
1
1
1
1
1
1
1
1
1
2
1
1
1
1
1
1
1
1
1
1
1
1
1
1
1
1
1
2
12
12
17
14
14
6
6
14
14
14
3
4
8
7
3
7
4
3
12
3
4
4
5
3
8
7
1
1
1
1
1
1
1
1
1
1
1
1
2
11
11
5
6
6
2
5
5
5
4
4
3
1
9
4
1
1
1
1
1
1
1
19
1
4
9
11
9
10
7
4
6
7
6
5
6
7
8
7
4
7
6
8
5
7
4
5
6
5
6
7
8
7
7
6
6
16
4
12
2
8
11
13
11
11
11
5
11
9
20
9
9
10
7
10
5
8
5
18
5
10
5
5
1
13
14
27
2
26
12
4
10
9
9
11
12
3
3
18
19
3
3
3
3
5
5
18
9
10
3
22
5
5
6
2
4
25
24
2
7
7
8
11
14
11
23
21
3
3
10
9
3
2
22
21
8
20
5
11
12
11
11
2
11
10
10
10
10
11
2
10
11
10
4
9
10
8
6
9
7
8
9
6
6
4
4
5
8
7
5
9
8
6
4
8
18
16
17
19
6
17
12
8
7
2
2
6
7
7
4
7
7
7
7
8
8
5
7
7
3
29
7
4
7
6
6
6
31
6
15
9
7
5
6
4
4
5
4
3
7
7
8
5
15
7
17
27
17
10
10
10
8
7
10
13
13
11
10
10
10
18
13
10
13
17
37
32
13
10
10
20
14
17
17
14
5
41
6
7
4
10
8
10
4
3
18
6
3
8
2
3
5
7
22
16
22
1
5
16
4
22
6
7
18
2
11
2
11
27
19
35
4
3
27
3
4
18
2
2
28
2
2
18
10
4
13
13
11
12
11
14
16
16
11
12
10
13
4
4
10
10
2
16
1
11
6
6
6
6
2
8
3
3
7
3
2
6
12
6
6
20
3
22
15
16
16
8
16
6
6
10
10
12
2
10
1
7
18
6
7
17
3
8
6
18
17
5
5
2
2
3
3
3
8
3
3
13
3
4
1
4
2
21
8
8
8
2
8
5
14
21
15
10
11
4
3
6
9
11
10
7
7
3
15
10
3
1
7
6
6
2
7
12
9
8
7
7
24
24
6
4
4
8
10
8
10
10
10
4
3
20
9
11
10
7
9
10
9
15
12
10
11
4
10
6
6
7
7
3
3
1
25
3
2
2
3
3
5
3
3
2
9
9
1
1
1
1
1
5
4
5
5
2
2
4
27
7
5
6
3
6
5
6
6
6
6
6
5
6
6
27
6
6
6
6
6
7
6
9
9
5
5
3
5
5
4
5
6
5
5
5
5
28
35
31
33
18
3
3
3
11
11
21
7
8
6
7
8
13
13
2
12
13
12
7
8
6
13
13
3
2
12
11
6
5
1
1
14
11
14
6
7
7
7
6
5
6
6
5
5
2
21
3
3
2
2
4
27
49
1
49
3
4
3
3
2
3
3
13
3
4
3
2
14
11
2
6
10
16
9
9
9
9
7
8
1
4
5
6
4
12
9
6
5
10
11
11
1
6
5
2
3
2
2
3
4
7
4
14
5
6
6
8
6
6
6
7
8
1
11
10
2
14
3
8
12
8
4
8
6
9
9
10
20
5
4
20
3
19
4
4
20
1
1
7
3
1
2
9
10
10
15
18
17
16
2
10
1
1
9
4
7
9
7
9
8
8
7
8
9
8
9
10
5
10
6
10
10
10
10
10
10
10
10
8
1
9
8
9
10
9
4
8
9
10
9
3
8
9
10
5
8
4
3
3
6
3
4
12
2
8
2
19
18
8
2
4
5
5
5
5
7
6
6
6
8
7
14
15
13
14
16
2
5
4
4
4
3
4
16
14
20
5
6
2
3
5
3
4
6
6
6
5
6
6
4
22
8
7
8
13
13
10
12
11
25
1
9
9
9
8
2
3
5
3
4
5
5
1
7
6
6
10
10
3
4
4
4
4
6
7
6
8
5
8
17
15
15
26
15
5
33
32
6
6
13
8
9
12
9
10
9
13
8
7
4
5
10
4
3
9
9
9
6
9
5
7
6
4
6
5
20
3
20
9
9
7
8
8
12
8
9
10
3
13
15
2
6
8
5
1
16
16
5
1
26
10
11
26
14
11
14
14
11
12
5
9
14
10
13
9
13
10
10
11
15
7
10
10
10
11
15
16
1
15
15
13
12
12
3
4
6
9
13
13
4
3
4
3
3
3
2
4
8
8
5
5
1
10
4
9
3
8
6
7
1
1
4
1
1
1
1
1
1
1
1
1
1
1
1
1
1
1
1
9
4
1
1
7
5
4
4
7
28
18
16
7
1
5
5
18
5
19
7
5
5
5
6
5
6
7
2
10
13
4
14
18
13
5
12
11
4
11
19
5
17
3
5
4
4
12
4
3
3
3
7
7
6
13
14
5
11
6
11
11
11
9
8
4
2
3
4
4
3
2
4
4
4
6
22
18
21
16
16
17
18
17
13
19
8
11
7
7
11
8
7
7
6
8
7
20
7
6
