13
12
12
28
12
3
22
5
5
24
14
6
13
10
26
24
16
25
27
25
26
26
17
26
33
17
18
13
11
20
31
3
13
7
19
78
32
10
33
11
12
11
9
28
17
42
16
17
16
29
28
8
12
11
10
19
8
37
24
37
19
31
32
12
21
11
10
9
9
11
7
7
93
27
28
11
27
27
9
10
28
10
10
11
17
21
19
104
10
3
103
6
35
9
12
12
13
13
13
12
12
13
12
13
11
11
3
12
1
23
11
3
4
39
25
36
7
5
5
30
6
18
20
24
20
19
25
31
6
32
28
15
28
29
47
28
15
10
16
9
14
9
8
20
6
7
12
66
7
10
16
10
11
10
39
9
20
8
17
20
8
9
9
21
21
11
41
43
3
10
43
10
10
40
41
41
13
20
2
3
29
9
20
13
22
20
21
20
6
22
10
21
6
21
15
13
12
14
13
13
12
6
14
28
14
9
14
16
14
14
9
9
14
13
13
14
85
83
80
82
15
5
6
56
14
9
12
12
5
18
9
21
8
14
9
20
20
6
10
13
11
23
12
21
10
22
9
16
22
17
7
21
10
10
14
12
7
12
12
30
9
21
22
16
16
23
16
5
20
20
19
20
18
20
20
20
12
17
15
16
14
12
8
8
7
8
9
9
7
7
5
6
8
6
9
8
7
14
9
13
10
8
14
19
13
6
11
9
13
12
9
9
6
8
6
7
13
31
32
14
14
11
27
12
12
28
6
13
22
6
12
10
14
18
19
3
22
30
30
29
20
18
3
25
12
9
26
11
27
10
11
10
10
12
30
9
19
11
8
22
21
22
18
15
29
18
19
20
16
18
16
11
15
38
15
10
15
5
22
12
14
20
23
22
20
23
11
10
3
13
39
20
22
21
21
10
9
10
2
5
4
5
10
11
12
12
6
3
3
14
34
13
14
13
13
6
13
20
14
15
14
10
19
21
22
12
11
11
11
11
11
11
1
1
9
10
23
22
10
6
8
16
7
5
6
1
1
1
1
10
10
4
14
13
10
19
1
19
19
19
7
4
4
4
16
15
3
4
2
19
19
6
12
3
6
2
3
12
11
13
5
5
1
4
5
8
16
14
2
7
8
16
2
7
3
4
11
7
8
2
2
22
5
4
5
4
3
32
11
1
10
10
2
11
32
10
31
8
11
8
9
8
3
12
9
7
4
3
3
4
4
4
9
10
10
10
11
1
11
4
5
11
11
3
10
11
13
10
12
4
3
3
5
11
10
12
11
5
11
11
9
11
19
7
18
20
18
19
24
23
20
24
8
25
68
20
20
19
7
20
24
21
9
10
23
13
6
7
8
28
14
13
11
13
1
12
12
13
10
13
18
5
18
30
29
10
6
31
29
13
13
14
13
10
11
3
4
11
9
5
3
3
12
13
3
3
13
13
8
38
40
7
6
6
16
4
7
7
34
9
35
34
6
6
6
11
7
11
18
9
4
5
8
8
10
11
5
17
18
13
18
17
19
2
9
17
27
27
26
27
1
13
13
4
6
5
10
9
12
7
15
12
11
3
9
10
12
10
6
2
3
12
2
3
6
6
7
7
10
9
8
8
12
10
9
9
25
24
25
22
13
13
4
4
11
21
21
9
1
10
3
5
2
16
16
9
2
2
9
6
5
10
9
5
10
9
8
9
8
4
11
10
9
2
5
7
3
5
13
15
15
4
13
3
4
5
13
8
13
13
13
15
5
9
1
5
4
9
14
5
6
20
11
11
12
7
5
5
8
7
17
17
18
4
18
10
19
19
4
4
7
9
9
6
2
15
7
5
4
3
4
2
2
9
3
4
19
2
3
3
3
4
8
9
2
2
3
3
3
11
13
11
23
12
11
10
12
11
11
11
14
5
18
7
8
8
2
10
10
11
8
6
7
7
7
6
6
7
4
4
3
4
18
2
6
19
19
19
19
19
19
19
2
9
9
8
9
11
12
11
11
12
11
13
13
7
14
13
7
14
5
16
9
8
5
16
16
3
7
7
7
8
8
6
1
7
18
18
24
26
21
26
21
21
26
10
10
1
4
10
2
6
7
6
7
15
8
6
6
7
2
13
13
6
6
11
5
4
7
4
7
11
8
5
8
9
6
9
5
6
5
24
14
12
2
3
4
3
3
4
3
3
3
3
2
7
7
8
6
7
6
5
6
7
7
3
1
7
7
6
2
5
8
9
5
12
13
13
9
9
4
3
8
4
5
4
4
7
9
10
6
5
9
3
3
3
3
3
5
3
6
5
7
5
7
14
7
3
5
6
5
6
4
4
4
8
7
5
9
37
23
23
38
11
22
3
17
9
2
2
9
17
3
3
2
21
6
6
6
11
11
9
7
3
14
15
4
7
4
16
17
17
16
16
19
17
22
4
4
22
9
23
15
13
8
14
22
6
3
4
4
4
4
4
3
10
3
3
3
3
3
8
7
5
5
4
5
8
7
5
6
9
3
7
6
5
1
1
1
