8
10
7
5
4
5
9
5
5
6
11
18
11
11
11
11
12
9
13
11
12
4
26
11
15
14
27
14
13
38
38
16
17
18
15
5
7
10
5
6
6
7
12
6
9
173
16
17
20
21
21
21
20
21
22
16
16
15
17
16
7
8
17
16
35
36
34
34
5
22
36
11
14
5
9
11
6
11
10
31
12
10
33
12
29
32
58
29
31
11
30
31
7
26
14
3
3
7
7
15
17
6
62
6
25
21
24
22
25
3
5
9
58
3
12
12
3
7
9
3
13
9
9
12
28
28
14
26
11
12
13
28
13
28
20
8
19
18
38
47
47
47
11
46
47
48
12
46
47
47
47
49
47
46
47
48
47
50
47
48
47
46
47
48
8
8
8
7
20
10
11
9
10
6
5
5
13
11
52
26
26
16
9
16
15
40
8
9
15
12
4
10
13
11
10
16
13
36
7
4
4
6
5
3
6
7
6
23
8
12
6
5
7
7
5
4
6
6
6
7
11
15
15
15
13
13
4
12
7
5
27
9
4
4
21
9
4
4
4
5
4
33
32
33
9
8
26
9
28
26
32
16
16
16
15
15
13
25
8
5
27
26
28
28
27
15
15
7
11
10
9
11
11
17
13
8
15
9
10
16
9
10
16
57
12
28
14
15
17
30
29
3
27
15
16
12
28
18
18
21
25
6
21
7
7
9
17
14
13
34
34
37
38
20
10
10
51
13
24
16
22
16
10
10
8
4
8
9
12
8
3
8
11
9
13
8
5
39
11
12
10
8
13
12
7
7
7
20
20
21
20
17
17
17
16
18
4
3
18
9
18
54
14
25
13
15
26
15
13
11
38
8
12
8
12
14
15
15
5
16
11
16
5
15
26
25
14
15
27
12
25
4
4
7
9
8
9
9
12
4
4
10
14
12
15
2
15
15
8
7
8
9
14
13
15
31
5
31
28
6
9
25
25
25
5
7
7
6
29
89
7
19
6
14
14
14
6
6
5
21
5
22
10
13
22
21
11
6
14
12
7
7
8
5
23
12
24
14
11
4
9
16
16
17
16
10
11
16
13
3
17
17
18
6
19
11
5
6
18
24
17
23
39
40
26
25
25
24
25
6
16
20
42
22
12
27
54
11
12
3
3
20
21
1
29
2
5
5
5
3
31
4
16
17
21
6
12
10
9
5
16
17
26
27
10
11
10
27
11
8
26
12
11
12
12
12
11
13
21
13
11
10
11
27
12
11
12
9
27
28
15
9
9
9
13
15
18
17
15
69
15
14
14
14
15
14
10
4
33
33
28
28
9
14
18
13
18
19
9
12
28
31
15
28
15
13
19
7
16
19
21
14
20
7
14
16
5
6
22
25
3
4
3
3
12
14
76
14
2
12
9
3
5
16
16
9
9
8
2
11
31
12
30
20
29
28
28
21
9
14
47
3
48
11
17
17
23
17
17
14
22
12
16
23
64
25
32
25
26
24
7
13
11
78
12
12
13
49
27
48
18
12
48
8
19
25
19
53
11
18
28
16
18
18
18
18
15
16
13
17
2
16
15
4
2
5
5
5
5
5
8
3
3
12
3
10
8
9
8
10
3
6
5
3
3
10
9
14
6
11
6
2
2
1
1
2
8
13
13
10
10
10
12
9
9
17
5
8
17
10
7
8
3
32
16
16
10
5
6
4
10
16
8
7
6
5
11
7
10
2
2
8
8
8
10
6
9
9
8
8
7
5
5
8
8
8
8
10
5
8
8
7
3
7
3
16
3
6
7
12
10
16
7
11
20
8
16
10
8
20
7
12
13
12
4
6
18
18
15
16
15
16
20
17
17
5
2
4
4
7
6
10
11
8
2
6
5
5
4
7
5
6
5
6
6
10
36
25
5
5
7
15
36
6
4
3
2
5
6
5
6
5
3
5
5
6
7
9
6
5
5
6
5
5
3
4
4
5
6
5
6
4
6
5
6
7
4
7
8
6
4
7
6
8
7
6
13
9
11
10
5
4
1
1
1
4
1
1
3
1
1
4
1
1
1
1
1
1
1
1
5
4
5
5
4
5
4
6
6
6
4
4
2
3
2
4
3
13
4
1
1
4
2
5
3
2
4
6
10
4
6
4
4
5
5
4
6
5
1
4
15
15
16
15
13
14
3
12
5
6
16
8
8
3
8
3
4
21
20
20
6
5
3
5
3
3
17
5
7
6
4
4
2
14
9
7
8
1
3
4
5
3
4
11
12
14
18
17
17
18
8
26
27
27
27
27
4
4
4
1
20
20
19
17
18
21
19
5
3
3
8
7
8
3
8
9
9
9
10
9
4
15
17
16
2
3
16
16
17
9
28
26
8
28
10
3
25
27
8
8
10
8
8
10
11
54
53
1
22
23
23
25
4
1
5
6
7
1
1
4
2
10
8
9
13
12
13
21
21
13
5
17
8
2
5
5
8
12
4
6
12
6
5
12
4
17
3
8
4
4
4
4
3
15
9
4
4
2
15
13
7
26
14
10
10
12
2
17
19
4
4
4
19
10
13
12
2
8
10
3
2
8
11
11
7
3
2
5
9
9
4
5
4
6
3
4
4
8
12
13
12
13
15
15
17
6
2
5
10
10
9
8
9
7
9
8
4
7
4
9
4
9
9
9
9
9
9
9
9
9
9
9
9
9
9
9
8
10
9
9
9
9
9
9
9
9
9
8
29
15
29
11
29
8
15
4
17
16
17
7
3
15
2
31
4
16
6
2
2
7
9
6
4
6
11
11
6
4
15
3
9
9
14
9
15
14
5
5
2
2
2
2
4
2
2
2
3
2
5
4
4
5
6
3
4
5
3
8
9
10
4
2
11
3
9
8
6
9
8
7
9
7
30
9
15
7
5
16
5
15
16
4
10
11
2
11
9
1
1
1
1
1
1
1
1
1
1
1
1
1
2
1
1
11
7
5
7
8
7
3
8
4
5
4
7
7
8
8
3
25
11
9
12
24
3
24
24
6
4
6
6
8
4
5
5
3
7
28
7
6
30
31
7
8
31
29
3
13
3
4
8
7
8
11
24
26
26
4
5
6
3
26
13
5
11
28
24
2
18
2
18
29
17
4
15
14
7
7
8
9
6
11
8
10
13
7
5
4
2
2
4
22
22
28
22
29
9
21
7
20
8
9
11
12
2
12
12
12
12
12
5
2
4
2
4
10
21
4
11
18
4
3
12
13
4
16
16
29
14
16
10
10
7
15
11
6
6
9
11
10
6
5
6
6
9
13
14
15
6
13
13
8
5
15
4
18
3
4
7
19
14
14
8
6
19
19
7
1
2
6
6
3
25
10
13
13
4
3
3
7
3
8
7
7
15
3
2
5
5
14
3
3
14
7
8
7
6
6
8
5
28
9
9
10
7
4
10
10
11
10
7
9
11
10
8
6
1
10
4
3
10
11
10
11
9
10
9
34
31
31
32
9
35
3
7
17
18
18
1
18
16
4
6
10
2
15
16
2
6
13
7
3
3
4
12
11
5
9
4
2
4
13
7
14
10
9
3
2
1
3
7
8
3
2
3
4
5
8
4
2
2
3
12
4
5
5
6
3
6
3
3
3
3
2
3
4
12
12
11
6
6
4
16
21
19
18
20
19
20
15
14
16
15
4
6
9
8
8
7
3
2
3
2
5
11
10
6
4
32
29
30
28
29
27
30
30
31
29
9
9
9
21
7
7
11
3
4
4
5
4
2
3
11
10
8
1
23
21
21
21
6
7
2
7
10
4
3
3
15
1
4
3
3
3
3
2
2
6
2
5
11
13
14
4
4
3
3
6
7
13
4
52
10
7
9
9
9
11
9
11
3
13
13
5
19
15
20
18
15
19
18
12
11
10
4
6
7
5
8
8
8
12
11
12
11
12
9
11
3
15
15
15
8
8
7
15
15
7
8
12
7
10
11
7
8
12
21
22
13
12
10
10
11
24
7
7
16
11
6
6
5
10
11
2
22
8
20
4
22
3
21
20
28
29
12
11
8
9
8
7
2
5
7
8
12
12
12
11
11
12
4
9
12
3
7
6
5
8
12
8
11
11
11
4
15
4
4
4
2
3
7
3
3
3
4
5
6
7
6
10
5
5
5
10
7
5
6
6
6
6
6
4
6
13
17
16
16
17
13
16
17
11
16
15
12
12
16
5
6
7
2
6
5
17
4
18
6
6
6
3
5
5
7
13
6
5
5
3
10
14
1
1
8
1
13
8
6
4
12
11
6
6
12
12
11
6
6
5
6
24
4
31
31
4
4
2
8
4
2
14
4
9
20
18
18
5
5
5
2
3
5
8
1
21
20
10
11
7
10
6
6
6
15
15
7
17
12
6
10
11
6
10
11
49
5
9
6
9
10
6
16
13
24
5
5
5
5
5
4
3
5
5
5
5
3
4
6
5
6
6
4
9
7
6
2
