8
4
5
31
29
33
4
4
37
13
12
38
20
6
16
5
17
4
6
16
3
4
11
5
5
5
15
33
6
5
11
11
9
11
10
7
10
13
4
21
8
5
12
6
6
27
11
28
30
3
31
7
4
8
10
21
12
2
8
48
4
4
11
9
10
11
10
4
10
22
21
23
20
6
63
12
17
13
12
7
20
20
52
4
13
12
13
9
9
7
45
10
7
9
11
9
12
2
2
36
33
12
9
21
19
18
19
38
10
16
37
14
74
18
28
75
20
14
14
8
15
7
7
7
6
5
16
15
15
17
9
16
16
9
6
6
29
6
22
12
22
22
20
15
13
17
17
22
11
21
22
17
12
6
7
8
8
15
29
25
24
12
13
13
13
25
6
5
6
4
5
44
20
15
4
15
14
40
13
3
7
3
17
10
40
4
8
9
7
9
20
20
6
16
19
18
13
13
21
20
16
19
13
28
3
30
30
16
17
29
31
31
31
30
31
31
13
29
13
11
2
17
29
10
10
7
8
9
11
12
12
12
10
8
10
49
11
11
5
4
5
12
6
3
8
4
6
3
31
6
7
5
9
30
10
10
13
8
10
9
9
8
9
9
13
10
12
4
3
16
15
1
9
9
11
7
16
16
15
5
4
17
9
20
4
3
3
4
3
3
3
4
3
3
4
4
2
3
4
4
4
1
17
1
6
8
5
10
7
6
2
2
12
1
8
1
11
8
8
14
5
7
7
17
12
11
4
3
5
1
3
11
4
4
7
1
10
10
10
13
25
2
6
6
6
6
4
5
9
2
3
2
10
11
4
5
17
16
17
16
15
16
4
1
7
5
8
15
16
14
13
14
8
6
4
5
4
2
4
5
5
7
11
7
23
10
21
8
22
20
21
19
7
7
7
5
6
7
7
7
6
4
9
11
11
10
6
9
12
12
12
12
13
10
24
9
1
1
1
1
1
1
1
1
7
7
3
10
11
11
2
4
4
4
7
3
6
7
8
7
8
7
7
8
7
3
10
16
16
17
13
15
8
14
14
17
14
16
17
17
16
15
15
15
7
7
8
7
6
6
16
14
12
2
7
3
6
10
3
12
12
8
1
4
2
11
14
11
2
6
3
3
3
3
3
2
1
11
14
2
10
7
8
7
8
8
8
9
8
6
7
7
8
7
8
9
6
4
7
7
7
2
16
7
2
3
5
6
10
10
14
9
12
4
2
2
3
3
6
5
4
2
7
6
3
4
