18
6
5
8
6
5
5
6
4
5
15
7
11
8
38
47
29
30
7
33
10
22
9
7
7
13
25
9
7
6
6
6
3
12
7
4
13
7
4
6
7
7
14
3
15
4
3
9
9
9
8
8
9
8
16
5
4
5
7
8
8
22
19
19
22
6
18
17
19
4
5
7
4
8
3
6
5
5
9
16
12
28
20
18
20
5
17
11
3
12
18
11
9
10
14
13
10
11
23
8
8
22
13
8
13
20
4
17
15
18
15
21
21
21
4
15
15
22
15
27
41
26
8
22
20
26
8
8
21
21
35
34
34
13
35
6
32
6
26
13
16
84
17
13
2
13
67
33
22
16
35
33
33
36
21
20
36
22
33
21
20
21
4
4
4
4
47
26
47
6
5
47
47
3
10
47
29
23
24
14
22
12
14
6
8
9
13
16
22
23
24
9
17
9
19
11
5
40
40
42
11
21
11
24
16
27
12
14
8
10
9
12
11
8
6
6
11
4
4
5
5
4
5
4
4
4
6
3
5
5
19
19
19
29
15
13
4
5
13
4
17
19
18
18
4
22
32
32
3
4
4
5
5
6
9
10
5
5
3
3
5
5
5
6
8
22
5
21
106
6
10
105
13
13
36
14
14
11
15
8
15
36
42
3
13
14
14
14
41
8
5
5
9
6
5
5
5
10
4
7
6
7
6
13
14
14
9
14
4
4
3
3
5
9
10
15
7
8
6
2
2
28
13
5
4
26
27
20
19
10
13
9
20
25
20
12
12
24
11
43
42
41
10
5
7
6
4
5
5
5
5
5
4
4
3
18
5
12
12
11
11
11
18
10
12
6
6
10
10
5
9
8
8
18
20
3
3
3
5
5
6
6
3
3
4
1
6
8
6
14
6
7
13
2
4
4
5
2
21
5
3
8
9
5
8
5
7
8
5
9
5
5
8
5
14
7
8
5
15
5
16
15
8
5
9
10
7
9
6
10
11
22
8
32
7
13
29
23
7
7
23
4
7
4
3
8
10
9
5
12
8
6
4
13
14
5
2
3
15
15
14
5
3
12
7
7
19
19
3
29
29
2
6
2
2
7
5
14
5
9
14
32
30
15
4
15
5
2
4
9
6
7
5
4
3
17
12
2
3
2
4
13
4
12
4
5
16
17
4
4
7
7
7
7
15
1
5
4
5
11
14
13
6
4
10
11
10
10
3
4
10
3
13
3
11
21
14
21
19
2
13
8
11
15
8
8
10
7
9
10
10
11
8
5
8
13
5
6
5
11
15
9
11
10
10
12
17
6
8
2
17
17
6
2
2
3
1
2
17
17
17
16
3
17
1
21
18
8
4
7
7
6
6
18
19
3
4
5
6
8
6
9
3
3
3
2
13
2
3
3
12
2
2
16
17
17
5
5
2
12
6
4
2
6
13
3
10
5
4
4
5
5
7
21
23
4
4
5
3
5
5
15
14
10
18
14
20
18
20
21
18
2
2
2
2
5
20
9
5
2
14
19
4
17
19
19
4
19
4
19
7
9
8
5
8
6
7
7
5
5
6
6
11
7
2
8
7
4
10
4
7
6
7
2
2
11
9
11
6
2
6
3
19
5
2
19
4
6
63
4
4
4
5
12
7
5
6
6
5
4
8
28
6
10
1
1
1
6
6
7
1
1
1
1
1
1
5
1
9
6
11
11
8
10
4
6
6
6
4
6
4
5
6
4
3
5
6
8
12
6
6
41
40
2
11
9
7
2
11
13
3
4
8
10
5
7
3
15
6
15
8
15
17
10
6
3
10
2
10
2
2
12
19
18
10
20
18
20
18
7
4
2
10
18
5
16
16
18
17
11
48
13
4
4
11
3
8
19
6
7
7
5
2
4
19
10
10
6
7
7
9
7
7
18
18
8
8
18
17
18
4
6
5
6
7
5
4
4
4
3
4
5
3
4
4
4
4
4
4
4
4
5
4
4
6
4
4
4
26
8
4
11
24
9
10
9
25
24
9
4
25
9
1
7
6
6
6
7
6
6
6
22
23
6
8
7
8
9
12
9
6
3
2
6
12
9
2
13
10
15
16
4
17
11
2
8
7
8
7
10
6
3
6
2
8
13
8
6
13
21
2
8
10
10
5
6
4
3
6
11
18
20
19
7
3
6
22
13
9
7
3
8
14
16
13
13
15
19
1
1
21
1
1
1
7
7
1
8
33
16
7
8
20
12
5
8
14
14
18
14
13
13
13
1
1
13
1
1
12
13
1
9
8
8
12
6
13
4
3
9
9
8
5
3
6
20
2
8
13
8
9
6
5
9
2
9
4
6
9
9
9
9
9
9
6
9
5
18
3
8
5
16
12
2
16
12
42
2
3
3
7
29
27
28
29
5
5
5
15
18
10
17
8
8
8
17
5
16
15
15
7
5
5
4
4
4
4
5
1
1
18
10
17
11
2
8
2
9
5
6
5
5
8
5
5
9
5
3
24
19
10
10
13
10
8
10
9
9
8
8
12
9
10
4
6
15
5
5
10
9
8
9
10
19
6
1
5
8
7
8
4
21
26
3
20
20
4
4
4
4
4
4
4
4
4
4
3
5
5
4
2
4
4
4
3
5
4
3
4
4
4
4
4
4
4
4
2
4
3
4
5
2
5
7
2
3
4
3
2
2
3
4
12
11
11
2
3
2
4
4
3
6
7
6
1
13
3
13
13
13
5
11
20
1
1
11
7
1
1
2
2
7
7
7
11
10
14
17
8
7
3
5
4
5
5
5
5
5
5
5
5
5
5
5
6
4
5
5
5
5
18
5
4
20
9
8
10
6
9
14
13
9
6
5
11
3
8
8
6
6
8
8
10
9
8
10
2
3
9
7
9
1
13
14
11
13
2
12
13
12
11
1
6
4
13
11
12
17
16
9
5
4
7
18
10
11
6
6
5
5
7
19
8
4
9
10
4
5
3
6
9
6
11
12
21
37
6
21
4
3
12
29
15
5
4
4
4
17
16
15
5
17
4
7
14
4
13
7
1
8
4
6
11
4
11
3
6
3
4
3
5
5
3
4
3
4
6
5
4
5
5
5
5
4
5
5
6
7
6
5
6
7
6
5
5
5
6
6
5
6
4
5
5
5
4
6
5
8
4
5
4
5
5
6
6
6
12
4
7
11
4
3
12
12
16
17
17
15
14
17
5
4
17
7
29
8
3
31
8
32
4
10
4
21
3
16
12
3
17
13
16
2
13
12
15
6
6
6
5
13
6
10
2
6
9
9
11
8
7
5
6
2
5
6
2
14
19
4
29
5
30
13
30
29
8
4
6
1
1
9
5
4
4
4
9
3
11
11
12
11
11
6
9
6
7
5
6
3
10
5
13
13
9
13
9
2
6
2
5
7
2
18
33
10
30
33
7
5
10
14
15
6
9
4
9
6
6
6
9
9
8
9
9
10
19
9
17
20
4
4
4
9
4
4
6
9
7
4
3
5
4
2
7
5
7
7
5
7
6
7
6
10
10
5
6
5
29
5
29
5
5
9
28
23
19
23
23
2
5
5
5
4
6
6
15
20
11
5
3
10
4
4
8
6
9
7
9
8
8
7
6
5
5
6
6
5
6
6
5
6
6
6
5
6
6
6
6
5
9
5
16
6
7
1
6
3
4
3
9
3
3
17
14
2
9
7
2
6
5
4
5
6
5
4
5
5
6
6
6
6
5
7
5
6
6
6
5
5
4
4
5
6
5
4
5
6
6
5
4
5
6
6
3
4
5
4
5
13
11
12
12
4
5
5
7
4
4
5
5
7
8
8
8
5
6
7
8
15
9
11
10
14
10
9
10
4
3
4
4
3
3
11
21
20
3
2
10
6
6
5
5
2
4
17
12
18
23
8
13
3
9
10
11
13
3
8
10
4
13
5
7
2
13
2
2
6
4
7
3
2
14
3
1
6
5
27
15
15
14
15
2
13
13
16
14
4
3
1
4
4
4
14
13
12
15
15
1
12
1
3
3
2
3
6
4
7
4
18
8
8
18
4
5
4
11
3
1
12
3
4
2
2
4
17
13
13
2
12
11
10
15
15
4
13
6
2
6
6
17
6
17
17
7
11
11
12
11
4
14
5
5
8
5
16
7
12
3
13
12
7
6
5
4
7
7
6
9
7
7
1
6
6
3
4
2
2
10
10
8
12
7
17
11
13
9
9
3
20
12
15
3
3
4
4
15
3
5
4
6
7
16
5
3
3
6
6
2
6
2
1
3
3
6
10
3
30
8
2
4
5
12
3
12
12
5
13
13
12
20
8
8
5
8
9
17
7
9
9
9
7
7
16
6
9
6
7
10
8
8
7
14
11
7
5
6
6
8
2
7
4
5
6
5
6
8
11
7
24
10
11
11
23
17
2
16
5
3
2
17
12
10
10
5
8
3
5
5
2
3
3
5
10
4
15
14
5
5
7
5
5
28
6
10
6
9
6
5
8
27
7
27
9
4
5
5
5
5
3
7
5
11
5
11
9
23
4
5
5
5
11
1
5
5
4
5
4
6
3
4
4
5
5
4
5
4
6
4
6
7
6
6
5
3
5
6
6
5
5
6
5
7
7
6
6
7
7
6
5
6
7
6
6
6
3
5
6
6
2
7
7
7
6
6
4
8
2
4
10
6
5
5
5
8
11
3
7
10
10
6
7
6
10
7
7
9
7
11
8
6
5
7
9
3
5
2
2
2
5
7
2
7
6
7
5
5
6
5
6
5
4
7
15
4
6
4
5
6
4
7
6
4
5
6
5
6
4
5
6
5
6
4
3
5
5
3
4
3
4
4
4
4
5
2
6
1
7
7
5
5
4
4
4
4
5
4
1
1
1
7
4
4
6
6
5
5
6
7
6
6
6
7
3
10
10
9
3
3
2
3
3
3
3
3
3
2
3
3
2
5
3
4
4
6
6
9
14
6
4
6
7
5
4
5
9
8
5
8
5
4
8
12
12
13
6
5
13
14
13
8
4
14
13
7
7
14
6
5
13
15
15
6
7
10
7
7
4
9
8
5
9
10
10
9
14
5
4
14
3
13
1
16
15
9
6
8
10
7
8
15
9
14
15
6
8
16
8
8
8
9
4
5
5
8
8
7
6
7
4
4
7
3
4
4
9
8
8
7
3
5
6
8
13
14
8
12
7
13
8
22
14
15
14
12
12
12
20
7
12
22
9
13
14
3
8
19
9
24
5
2
4
5
4
4
11
5
4
3
4
5
5
9
13
2
4
4
14
3
3
12
11
2
6
3
2
1
11
1
2
2
10
2
12
12
3
2
11
15
5
5
5
6
4
5
5
5
5
5
5
8
3
5
6
4
2
11
9
9
12
12
7
9
10
4
5
4
3
7
7
4
7
4
3
4
4
3
4
4
3
4
4
4
1
4
4
5
4
4
4
4
5
3
3
3
3
5
4
3
4
5
5
3
5
3
4
3
4
3
3
2
4
3
3
4
3
3
3
3
4
6
5
4
6
5
7
5
6
5
4
3
6
7
7
7
4
7
4
3
1
3
3
2
4
6
4
8
17
3
6
7
6
6
6
10
6
6
