5
4
17
20
8
12
11
10
5
37
10
58
18
19
15
2
19
17
20
17
1
17
3
2
8
7
18
8
11
5
56
33
33
56
39
9
44
5
3
12
48
19
25
26
10
26
21
18
25
26
28
8
23
12
10
8
8
10
19
13
34
10
12
15
14
36
36
13
9
10
15
30
13
19
13
9
14
6
11
5
9
11
18
15
16
18
17
18
17
61
35
10
27
10
9
18
14
14
14
18
7
7
16
6
7
7
8
7
25
8
6
25
25
25
26
20
10
20
23
11
11
11
21
21
12
11
19
22
6
7
6
6
6
24
4
19
19
9
3
8
10
28
30
45
13
30
29
29
26
11
13
6
7
3
8
15
13
10
2
11
14
14
15
15
10
13
4
3
27
26
9
10
12
12
26
11
3
2
10
11
12
21
4
22
5
7
17
22
6
5
27
27
16
28
26
26
21
14
14
14
10
11
30
9
21
20
27
19
9
31
32
83
33
8
21
8
8
21
22
5
12
31
5
5
21
2
7
9
28
2
23
27
11
10
3
9
7
9
19
3
23
18
16
24
23
5
11
10
10
11
29
4
35
35
52
10
6
20
20
7
10
18
20
19
10
1
6
9
29
13
8
30
20
30
20
20
20
15
3
3
7
3
24
5
7
14
8
5
6
3
3
5
2
4
2
8
5
3
2
8
4
9
3
8
9
4
3
4
10
4
11
9
23
23
17
1
1
3
16
15
2
5
5
5
2
4
6
5
5
5
9
6
2
3
3
2
2
3
2
24
12
6
7
6
5
7
5
4
5
6
6
5
6
6
5
8
8
9
1
3
13
14
11
7
9
9
9
10
9
9
9
9
2
3
10
11
9
1
8
7
13
6
7
7
7
10
1
1
10
11
5
5
7
4
7
7
3
3
3
3
10
8
2
6
10
9
6
5
10
23
3
3
2
17
16
10
11
3
7
7
6
5
7
1
15
10
12
14
24
2
10
10
13
15
10
13
11
5
2
4
3
4
2
5
3
4
4
5
3
19
18
7
8
8
10
2
2
4
15
16
16
9
14
6
14
14
9
9
13
7
14
7
3
3
3
3
3
3
3
3
3
3
3
3
3
3
3
3
3
3
3
3
3
3
3
3
3
3
3
4
2
12
21
21
12
11
3
4
4
5
4
4
4
3
4
1
4
4
6
5
6
6
7
7
7
8
7
2
6
2
1
2
2
2
10
8
12
9
1
23
22
4
2
29
11
3
2
2
17
2
3
2
4
4
5
23
10
15
11
9
6
5
6
6
5
5
5
2
2
2
3
5
6
2
2
15
2
2
2
2
2
5
6
7
10
21
22
22
3
30
8
15
9
15
14
8
15
14
6
8
7
9
7
7
7
7
7
9
9
8
9
10
19
18
