12
13
20
13
13
18
12
13
13
29
29
22
30
34
30
6
12
24
24
24
22
91
10
11
11
10
21
26
6
17
25
27
5
6
5
28
28
4
7
6
28
5
6
6
5
6
6
16
12
13
13
12
6
16
16
17
13
14
15
17
14
13
10
15
20
21
13
9
21
19
32
33
4
34
23
31
6
26
10
17
4
4
18
19
12
18
12
9
77
23
3
23
4
21
41
20
12
20
12
12
12
26
7
26
26
27
26
10
13
27
1
2
27
23
8
26
15
15
7
14
12
13
26
14
13
27
8
17
27
37
36
14
16
21
39
21
28
18
12
11
20
10
8
20
13
8
10
14
8
7
8
11
10
10
13
4
23
9
11
29
12
12
16
13
17
16
13
16
22
22
9
22
16
15
12
17
12
21
28
64
8
16
27
63
9
5
15
16
18
10
12
41
5
39
6
40
15
42
5
6
7
17
8
28
27
6
18
9
10
11
23
17
16
16
15
17
15
12
9
7
6
6
8
11
5
6
4
5
5
8
9
13
30
18
16
20
13
20
33
21
14
20
21
22
52
3
14
14
11
9
3
3
7
27
28
29
14
30
11
21
22
8
40
39
7
21
11
12
19
18
21
18
23
20
4
23
20
23
18
20
47
46
10
6
16
13
6
17
15
13
13
9
10
8
18
9
58
57
20
29
6
17
15
7
16
9
8
36
16
17
20
74
20
8
19
36
18
14
17
15
16
6
14
14
17
18
2
2
2
13
2
13
11
7
24
34
16
33
23
8
9
8
10
8
9
10
14
22
23
17
18
30
38
38
13
38
14
15
14
11
13
14
6
15
5
6
6
3
21
5
16
16
23
7
23
17
5
8
8
11
4
11
9
9
10
9
10
47
3
36
13
11
41
31
11
15
17
16
12
6
14
14
13
13
16
16
14
13
13
14
12
5
4
5
18
22
25
22
80
3
9
8
9
23
25
18
23
23
2
7
10
23
10
13
6
5
6
6
6
5
6
20
13
22
18
19
15
13
12
6
10
16
16
7
6
7
17
13
4
14
56
28
55
56
56
56
55
56
55
55
56
54
55
54
4
55
28
28
28
22
14
23
11
13
18
10
7
4
5
11
17
17
4
4
9
12
13
11
13
12
15
14
13
6
12
14
7
6
8
5
7
7
7
6
6
15
15
15
5
23
23
9
6
8
17
9
4
8
24
24
5
24
2
9
8
1
2
8
3
17
76
44
26
26
26
25
10
28
3
24
6
21
12
31
31
7
4
30
9
31
30
12
5
6
5
4
4
6
6
6
9
8
15
12
10
20
11
18
20
10
20
18
25
24
24
24
23
9
19
19
48
12
9
10
12
9
12
12
24
24
2
7
1
24
17
17
25
39
39
38
38
15
24
47
21
20
16
3
14
12
15
4
2
16
21
10
24
25
21
22
26
23
16
17
15
11
14
12
9
10
10
10
9
14
7
12
11
15
14
13
11
14
14
12
11
14
26
5
5
13
149
14
183
35
35
182
34
182
36
13
14
4
26
2
3
17
17
9
14
11
8
9
7
7
8
11
27
27
38
39
15
15
30
30
35
13
16
13
14
14
14
14
27
4
8
12
25
26
26
3
14
7
5
10
27
27
11
26
26
27
28
26
26
2
11
7
10
79
15
12
14
9
34
17
35
2
10
10
28
31
27
28
25
13
8
14
14
15
8
13
13
10
13
13
3
5
5
5
24
25
26
24
19
17
20
21
313
18
192
192
24
312
191
363
6
6
7
6
14
6
6
15
16
15
5
24
32
9
10
31
23
10
8
8
14
15
7
9
13
12
12
21
54
12
12
13
23
11
6
18
13
7
15
8
14
29
31
6
31
6
8
65
10
9
28
27
28
18
6
9
8
13
35
8
13
6
12
10
9
10
9
10
8
9
16
12
15
34
1
4
22
12
14
17
14
16
10
16
10
8
16
10
14
13
55
4
11
15
13
4
4
4
3
3
26
9
4
8
4
5
13
8
42
15
12
15
13
7
7
39
15
5
6
45
4
53
11
5
10
7
46
46
44
46
44
8
18
18
4
33
9
27
26
27
41
25
8
10
9
9
8
9
16
17
17
12
5
56
56
8
8
11
9
7
8
8
9
11
48
7
52
6
12
11
13
3
4
16
15
18
9
9
19
23
4
19
9
25
29
7
3
24
5
25
6
8
6
5
21
21
24
21
29
31
28
6
7
31
7
14
8
26
6
5
5
5
29
30
16
5
6
7
9
5
26
2
1
10
19
18
19
6
44
13
9
8
9
8
14
10
10
7
12
3
24
41
43
16
15
5
10
14
9
17
5
9
49
17
14
5
18
32
10
6
6
2
8
9
10
8
46
5
27
18
18
2
12
6
6
3
6
5
4
8
7
8
8
12
1
5
6
4
4
3
6
7
19
6
6
15
4
4
4
3
3
10
10
5
12
5
12
12
12
15
13
14
14
14
1
4
6
7
6
4
7
7
6
9
8
8
11
33
10
4
10
3
2
2
26
3
3
2
3
28
27
1
2
9
10
10
10
10
3
3
7
8
5
6
20
19
21
20
1
2
13
7
4
5
4
3
4
6
5
4
4
6
2
21
6
7
3
4
19
8
6
20
6
13
13
12
17
29
30
29
4
7
2
4
5
7
6
9
6
7
3
8
15
9
6
3
11
8
3
8
7
17
7
7
7
8
44
4
15
12
10
2
3
8
15
19
20
13
14
15
13
7
7
48
19
7
12
6
14
2
5
1
2
6
14
14
15
6
14
6
13
13
13
13
15
4
3
4
7
7
9
8
8
5
18
2
4
4
3
5
3
23
22
5
5
9
13
13
15
9
9
14
18
17
8
9
9
7
10
8
16
7
7
11
11
10
3
3
7
8
5
4
4
4
7
3
2
2
1
10
2
17
1
18
13
6
13
13
10
2
2
3
2
7
5
6
2
2
4
3
3
3
4
4
5
5
6
9
2
10
10
9
8
7
20
21
22
11
13
13
14
2
1
5
8
7
7
9
9
16
5
6
6
17
11
10
28
22
10
11
4
6
4
4
13
14
7
6
2
4
5
5
5
10
9
9
7
8
4
6
7
9
10
6
6
7
7
8
3
3
9
4
10
2
10
10
10
11
2
6
8
7
8
14
5
6
6
1
1
12
13
6
3
5
3
6
6
7
6
3
11
6
5
3
3
5
5
2
13
12
3
13
10
12
7
2
1
3
5
9
5
7
8
11
9
10
10
6
8
3
4
4
5
27
28
4
13
10
9
26
28
3
4
5
31
32
12
12
14
9
8
3
5
5
10
12
2
12
6
2
12
14
13
10
4
6
3
3
2
6
6
5
6
5
6
6
6
2
3
7
4
11
4
5
4
5
10
10
10
14
3
3
9
15
5
8
4
12
5
12
6
7
34
24
5
4
26
26
3
4
5
6
5
9
4
5
6
6
7
4
4
4
4
10
4
4
2
6
6
2
3
3
4
12
4
4
5
5
3
9
8
7
7
22
4
9
1
4
4
45
7
17
18
18
18
4
6
7
21
53
52
7
7
9
8
5
5
15
8
4
11
14
6
8
7
13
16
6
3
4
6
3
6
4
7
2
4
7
5
23
23
7
10
4
5
5
7
7
12
12
11
8
7
11
11
12
12
6
1
11
1
4
6
5
8
7
4
15
10
15
23
23
9
7
7
23
10
10
10
10
10
29
1
24
23
20
20
3
3
4
3
3
20
20
4
5
3
4
5
3
6
4
5
4
5
5
6
5
6
5
5
4
7
8
12
23
23
12
13
15
4
15
16
14
16
11
7
7
4
3
4
4
4
5
5
4
5
5
6
6
5
4
5
4
6
5
17
1
15
9
10
16
14
6
2
17
2
6
6
5
4
4
5
5
4
5
5
4
5
4
5
13
2
2
2
5
2
7
6
5
4
5
3
14
15
13
15
16
16
16
15
18
19
15
8
9
14
7
11
10
10
2
3
4
10
3
22
1
6
8
8
8
4
41
2
1
17
19
8
8
17
20
5
5
11
15
9
6
15
6
15
4
5
6
2
2
2
2
1
7
8
6
6
7
9
8
8
8
9
3
5
8
7
8
8
3
3
3
10
8
10
9
9
9
8
13
17
2
1
3
6
2
8
5
6
8
4
6
6
6
6
14
26
1
5
1
2
8
3
10
4
8
9
4
11
11
11
8
5
10
6
12
9
5
8
6
6
16
8
28
28
28
11
29
25
8
9
16
21
15
15
5
4
6
6
5
5
12
6
14
4
6
4
4
5
4
4
7
8
8
5
7
4
10
10
10
19
12
14
4
3
4
16
16
16
18
18
16
16
18
11
2
3
3
26
25
11
12
10
9
5
7
7
2
17
16
15
17
8
8
8
9
10
7
5
4
4
2
2
2
2
2
3
3
2
2
2
2
10
11
1
1
10
24
8
4
7
4
46
20
28
2
17
16
2
17
18
13
6
3
4
10
30
30
28
2
51
8
6
9
4
5
3
2
2
2
3
9
10
25
23
24
24
2
10
10
3
25
5
5
8
12
8
4
12
8
9
7
1
12
9
11
11
11
2
6
9
9
7
9
12
12
12
12
7
5
7
7
7
7
18
3
4
10
6
9
8
10
10
8
8
8
8
9
15
15
15
12
12
13
22
13
14
14
5
4
6
13
13
9
5
11
3
7
6
19
3
18
3
19
4
7
18
16
3
4
5
7
12
3
12
12
12
9
4
4
4
11
8
2
3
3
3
9
3
12
10
10
10
10
6
7
5
5
8
6
6
7
11
10
10
10
28
38
3
16
13
5
3
3
4
3
4
4
4
2
13
4
3
2
2
11
10
11
2
2
3
7
15
10
9
7
7
20
8
16
10
8
9
10
9
9
8
9
8
20
14
4
4
12
13
3
1
3
4
4
35
5
11
12
12
8
8
9
10
14
17
23
10
23
9
4
22
11
15
9
4
9
14
17
16
14
7
19
8
5
9
15
21
14
2
9
4
9
4
13
13
4
5
23
23
2
4
5
6
2
2
9
9
4
9
3
2
16
2
4
14
13
12
13
3
6
4
4
4
13
5
27
26
24
25
4
14
16
15
2
4
3
14
2
1
5
5
4
5
3
11
11
12
11
12
7
18
11
1
18
13
4
4
3
3
3
13
3
2
18
18
14
18
17
31
5
5
5
42
5
1
8
2
2
8
9
2
6
8
10
11
16
12
8
9
23
4
4
12
4
17
15
2
2
1
1
1
4
3
5
9
11
12
10
3
3
4
11
18
19
4
14
18
18
28
28
4
25
13
13
17
14
14
14
12
11
11
11
11
12
12
11
11
5
13
6
13
5
5
10
5
4
9
8
2
4
4
5
4
4
5
