33
28
45
32
6
4
36
14
36
17
38
8
11
12
13
11
22
4
31
21
12
7
32
23
23
10
23
23
22
11
10
8
9
11
13
14
14
11
11
11
13
12
2
12
14
3
4
4
3
9
9
8
4
6
4
23
28
20
7
23
21
25
6
25
7
6
29
37
17
13
17
5
5
3
8
8
11
8
8
10
12
6
14
14
14
18
23
25
26
11
13
4
3
12
3
4
5
6
5
17
27
40
13
30
4
14
14
12
24
13
13
7
3
3
12
13
13
8
5
13
9
14
14
13
7
13
5
13
9
11
14
15
13
14
14
14
13
15
11
14
10
25
5
12
9
26
24
10
8
35
10
9
9
18
10
11
23
8
16
10
21
20
11
11
7
8
20
13
7
7
4
13
16
24
12
17
15
22
21
10
2
11
21
20
37
9
8
9
10
12
14
13
13
13
6
12
7
5
6
5
6
11
6
17
8
5
4
12
13
24
22
14
13
22
23
24
5
13
13
24
23
21
22
12
21
24
16
22
21
23
23
14
22
22
21
21
21
39
25
21
24
40
8
6
10
6
16
4
16
9
6
5
11
4
11
5
10
4
10
10
11
10
11
6
9
3
3
8
8
10
9
9
8
9
7
4
10
4
4
3
4
10
4
6
10
12
4
12
10
5
9
10
10
11
11
4
5
6
3
13
13
12
7
13
13
13
44
12
13
5
13
16
15
15
15
6
4
5
7
8
8
6
21
7
6
7
6
5
8
9
2
2
2
2
2
2
1
1
4
4
8
2
2
5
2
3
1
2
9
2
2
4
5
7
8
2
5
6
9
14
9
2
5
4
4
5
4
5
6
6
4
5
9
9
8
2
13
7
6
12
13
6
6
4
7
7
12
12
18
12
12
8
20
14
2
14
3
24
2
8
3
4
2
4
5
3
5
4
4
4
8
20
19
6
20
9
8
22
6
5
21
22
16
13
6
16
15
13
1
6
16
12
15
15
16
16
7
6
16
3
3
7
6
3
7
7
7
9
4
8
7
8
2
2
2
2
2
2
2
2
12
11
4
5
6
7
4
5
2
20
11
7
19
7
10
19
18
19
19
15
3
6
5
10
11
6
6
26
5
5
5
4
4
4
11
10
2
3
7
7
4
8
8
10
9
8
25
26
14
13
13
4
10
2
4
6
4
3
4
6
5
5
5
5
7
4
5
5
2
3
21
5
9
9
20
20
20
20
20
3
1
14
5
15
15
6
15
15
6
1
11
12
13
11
2
2
5
5
3
2
2
1
1
2
4
11
10
10
11
5
2
3
4
3
2
4
3
3
4
3
3
6
6
3
4
13
9
3
5
5
4
20
15
14
2
5
4
2
2
2
2
2
2
2
2
2
3
5
2
1
5
2
18
7
7
1
7
15
9
3
3
18
9
4
12
5
20
22
22
18
19
23
7
15
16
15
16
7
9
9
9
9
6
16
8
12
11
7
3
1
12
13
2
4
5
9
10
3
4
5
4
4
5
5
5
15
14
13
18
18
19
15
19
19
11
10
4
4
7
7
5
6
2
13
14
12
6
3
16
12
16
16
17
17
16
3
3
13
2
16
16
3
17
17
2
3
4
22
4
3
4
3
3
4
3
3
3
5
4
16
15
15
15
4
17
4
17
14
14
4
3
3
2
2
2
2
3
2
9
13
10
14
15
30
3
30
30
15
9
4
1
32
32
4
6
19
22
14
1
2
4
6
2
2
4
6
5
5
6
6
11
10
8
10
2
6
6
10
5
4
4
11
2
4
15
7
4
3
5
3
4
3
3
5
5
5
8
4
4
4
4
4
4
12
12
9
4
4
12
3
3
11
4
4
11
10
11
3
2
12
5
2
6
5
7
3
4
3
7
4
4
15
14
5
6
2
14
14
2
5
2
2
6
15
2
5
5
16
6
15
6
5
4
6
13
26
28
26
9
8
10
10
11
10
10
22
10
21
11
6
3
5
2
4
12
14
13
14
14
14
2
10
9
3
3
3
6
4
5
3
4
5
3
5
5
5
5
4
5
4
3
5
4
5
1
1
1
22
3
4
9
1
3
4
5
6
6
5
12
12
11
4
3
1
10
9
10
11
6
9
7
5
6
6
3
9
6
6
7
2
2
7
13
1
12
12
12
8
10
5
7
8
4
4
10
8
8
9
9
13
12
13
13
13
12
13
6
15
3
6
4
5
5
6
4
5
6
1
4
4
5
18
4
9
11
7
7
3
9
10
80
10
9
10
7
14
6
4
12
32
7
5
1
16
5
16
13
15
6
15
6
1
5
14
6
13
6
7
13
14
36
12
7
7
16
15
8
16
17
4
10
20
8
8
14
2
7
5
35
7
8
7
7
34
6
3
7
7
7
35
35
5
8
7
7
6
8
7
8
1
15
5
5
17
15
4
2
6
5
11
1
10
6
6
2
6
23
6
