12
12
16
13
37
39
3
4
4
4
33
3
35
21
7
23
23
8
43
47
11
7
9
10
3
16
47
8
10
10
13
12
12
10
11
9
11
11
20
18
17
19
4
18
23
28
26
28
17
18
13
14
13
25
14
4
15
14
28
27
27
26
21
8
10
53
17
78
18
18
20
38
13
10
13
30
10
9
22
20
16
21
21
21
5
5
7
16
31
26
25
28
27
27
10
10
4
10
10
11
10
11
10
16
5
6
6
10
12
4
8
6
5
7
3
4
21
23
22
22
23
23
7
24
7
13
22
34
19
5
5
14
10
14
8
8
8
14
7
9
9
4
4
4
30
26
31
31
32
16
32
14
16
33
32
15
31
26
17
15
15
16
17
7
20
31
6
5
6
15
15
5
23
11
28
25
27
23
22
23
24
25
16
16
59
58
9
61
8
8
3
22
2
22
17
18
9
43
9
5
19
17
8
9
18
13
18
17
19
10
9
10
44
19
4
2
2
2
14
7
6
8
14
8
5
7
12
7
13
15
40
14
15
4
3
4
24
15
17
14
20
9
17
17
6
9
11
11
10
10
22
8
24
6
5
16
18
8
6
6
5
5
10
12
11
11
36
8
8
12
12
8
11
8
8
8
12
8
8
2
25
9
7
8
15
16
11
4
12
14
15
19
7
4
18
19
19
19
20
9
11
23
23
24
27
37
27
36
7
28
28
28
19
28
18
8
7
2
2
27
26
5
2
6
16
6
17
6
16
17
15
6
16
3
13
13
6
7
14
12
7
7
12
6
11
12
13
13
7
2
35
11
8
7
20
4
11
11
11
20
10
12
18
22
10
2
16
15
3
3
21
18
4
22
25
19
20
28
27
13
27
12
26
14
118
27
16
5
13
4
6
5
20
6
17
6
21
3
3
12
19
3
4
3
4
5
4
4
4
6
19
5
38
39
38
38
9
10
24
25
22
11
11
21
11
9
18
18
14
10
19
30
14
22
20
18
8
9
46
48
49
9
13
13
22
11
58
46
45
18
5
18
47
19
16
46
18
8
21
15
17
7
16
27
30
28
6
5
8
8
7
40
8
23
25
23
19
9
11
11
11
17
6
6
9
10
9
9
10
23
10
10
15
16
17
4
3
11
4
7
10
29
29
6
5
17
7
11
10
8
9
13
4
13
18
22
7
4
5
4
18
19
10
6
16
11
5
21
24
23
23
23
19
3
16
14
15
18
17
17
28
4
42
33
9
6
4
18
29
14
17
18
5
18
15
7
35
21
9
8
20
8
15
8
13
17
18
7
7
9
7
7
12
12
9
8
11
9
4
15
30
28
12
13
14
14
17
9
5
21
21
33
7
3
3
17
32
33
34
12
15
34
27
60
9
14
13
13
14
6
21
16
20
8
15
31
8
7
5
8
13
6
8
27
6
30
29
28
30
31
31
6
27
18
20
27
27
28
16
27
28
15
28
41
27
40
36
28
28
28
10
16
17
16
6
6
12
56
12
4
5
5
5
10
8
5
14
5
15
5
10
15
10
5
16
11
13
14
13
7
8
14
18
18
12
17
16
4
5
8
17
24
3
8
14
11
13
47
8
10
12
16
42
16
10
13
41
28
16
25
26
11
7
8
3
7
10
3
6
2
25
15
25
15
15
24
23
22
3
5
14
14
13
13
10
10
9
5
4
4
20
19
21
16
4
4
3
48
4
21
21
9
22
15
9
18
8
27
5
26
25
5
5
4
5
3
24
11
25
5
7
16
6
7
5
21
7
6
13
15
15
21
15
14
14
14
14
30
6
2
30
7
8
16
12
21
11
19
19
13
16
15
2
7
7
14
17
15
15
16
14
14
15
7
25
11
11
24
24
7
7
8
11
10
11
13
9
11
12
11
14
6
13
8
5
12
11
9
12
12
11
2
30
28
29
29
4
30
29
30
31
30
30
2
14
4
5
9
10
21
22
26
15
16
26
25
6
26
11
7
12
8
7
19
11
8
11
2
2
4
3
5
7
6
5
5
5
12
12
12
4
13
10
10
23
25
7
6
8
12
4
5
14
7
20
8
14
7
6
7
6
6
2
9
17
8
16
6
6
16
12
6
6
14
13
10
4
8
12
11
4
2
3
3
3
2
5
3
4
4
5
8
16
3
4
5
4
7
8
5
11
12
9
12
13
8
17
7
11
12
12
10
3
4
4
10
10
4
16
12
16
23
15
5
11
4
14
21
16
17
6
17
3
4
16
4
17
14
15
6
4
3
9
2
11
11
12
6
3
6
7
8
8
8
9
9
7
8
7
9
8
8
9
4
5
5
4
4
3
4
8
8
4
3
25
24
6
6
6
7
8
9
7
2
8
5
4
4
13
2
2
16
2
13
16
5
17
16
15
18
18
6
5
6
6
6
5
5
1
19
19
20
18
18
19
17
15
28
19
14
5
6
15
15
19
5
3
4
4
12
5
10
10
10
11
5
6
29
9
19
6
7
28
3
2
2
7
2
5
4
2
4
11
11
11
5
3
4
5
6
3
5
6
5
16
15
16
5
3
5
13
13
14
10
12
6
17
3
4
4
16
12
4
5
1
5
4
5
7
4
4
8
5
6
6
6
3
6
6
6
6
3
4
3
5
3
3
4
3
14
3
8
3
4
9
1
8
11
10
2
2
4
3
3
2
2
3
3
2
3
17
2
17
2
3
3
6
2
6
9
26
6
4
4
11
26
4
5
7
54
8
7
10
23
7
4
5
5
5
5
22
23
15
14
4
4
6
11
4
4
4
38
4
38
4
10
10
4
4
4
3
6
6
2
2
1
2
4
7
6
6
14
21
4
4
20
35
3
13
21
3
6
20
13
13
6
3
3
2
19
20
11
9
1
12
11
5
14
9
6
24
9
5
10
5
5
12
12
24
6
32
2
4
1
21
7
3
22
2
10
8
9
8
6
3
1
18
22
39
8
9
11
15
24
2
19
6
5
25
9
9
12
9
9
4
18
17
9
10
8
9
16
18
17
11
11
6
5
6
6
4
4
2
5
5
11
2
12
4
2
4
6
4
3
3
4
2
4
6
11
5
5
5
11
13
3
11
4
1
6
6
5
4
6
5
4
5
7
7
3
2
15
4
5
3
13
15
14
13
15
14
13
13
4
2
11
4
1
4
13
11
3
9
12
2
9
11
10
5
4
16
17
14
6
11
9
69
21
13
2
15
15
16
10
11
4
15
10
15
11
11
10
22
22
9
24
3
13
14
15
15
11
5
13
3
5
5
24
17
10
10
2
4
11
4
12
3
6
6
6
9
11
10
5
4
3
4
2
15
10
5
5
6
5
6
4
9
8
8
8
4
18
15
18
17
3
3
3
7
1
8
8
8
8
1
9
4
5
6
5
5
6
6
2
4
3
2
3
4
15
2
2
6
2
9
9
8
10
10
10
10
10
1
1
1
1
1
1
1
1
6
5
1
6
5
4
5
1
1
10
11
11
10
7
10
2
3
4
10
12
8
8
8
8
19
5
2
11
6
8
12
8
13
11
1
11
9
11
10
11
10
10
10
21
3
6
9
6
6
2
6
5
5
16
4
5
6
6
5
6
4
11
7
12
7
6
7
6
3
4
5
8
18
25
5
6
8
10
7
8
6
9
8
4
1
5
3
8
8
9
11
7
9
10
4
3
11
11
5
4
3
11
9
9
9
18
11
3
2
14
5
4
5
22
22
21
22
6
6
7
8
7
6
6
6
7
7
7
5
1
3
5
11
11
11
10
11
11
8
12
8
7
7
12
6
17
7
6
11
10
10
11
12
3
17
10
6
3
4
4
2
12
12
11
16
8
9
12
11
3
6
6
7
3
10
18
3
4
4
4
4
8
4
3
3
5
12
11
5
5
5
5
5
1
7
7
7
8
7
8
9
8
36
5
5
3
8
6
7
4
2
3
10
11
9
20
1
2
27
28
8
17
1
3
3
3
2
2
16
15
2
2
2
4
4
3
1
5
5
3
14
16
23
21
13
13
20
21
6
5
5
5
6
6
23
5
6
6
5
1
3
1
1
1
4
22
3
3
4
5
7
7
6
7
8
3
3
4
2
7
16
12
16
1
2
3
3
20
19
9
7
6
9
11
8
9
10
8
5
4
5
5
3
3
2
4
3
3
11
11
7
6
8
17
6
5
5
5
5
6
4
14
3
14
3
4
4
4
3
3
3
2
2
3
2
2
6
5
5
3
1
1
1
3
23
23
23
23
6
6
7
16
5
6
6
6
11
4
5
4
5
5
6
9
7
9
7
7
8
6
18
4
6
16
15
15
16
7
7
1
24
3
23
24
17
1
4
6
5
8
5
2
9
10
9
9
8
9
10
8
11
9
6
9
5
2
9
8
9
8
4
8
6
6
7
3
3
5
4
11
10
10
1
2
2
4
4
4
3
4
10
18
14
14
14
6
5
4
10
13
12
6
6
17
18
16
1
7
17
19
10
3
9
8
6
8
30
7
9
7
8
7
9
15
8
16
2
9
3
19
19
21
19
18
9
19
33
23
32
6
7
24
30
6
6
24
34
4
33
5
29
6
23
6
23
26
5
33
6
5
7
4
5
7
7
8
7
1
5
10
9
8
13
7
10
8
3
8
7
7
11
10
11
10
3
4
3
16
11
9
2
2
2
2
8
10
10
4
5
5
3
9
1
4
2
3
2
2
32
10
11
11
10
1
6
5
6
24
25
4
23
6
6
6
15
15
19
19
8
4
5
5
5
10
3
4
3
7
3
3
6
4
3
4
7
9
21
20
10
16
17
5
7
