8
9
17
18
7
11
11
10
13
13
12
11
13
11
13
8
12
10
10
10
10
8
8
9
11
12
8
24
12
27
8
6
67
9
9
21
8
8
8
17
33
18
18
18
4
9
21
9
21
9
10
9
23
25
22
23
11
4
16
26
10
10
11
17
7
12
11
12
12
6
14
2
14
8
14
16
13
17
15
12
12
15
16
16
11
10
9
13
3
17
17
12
16
46
47
16
15
32
34
45
37
16
16
6
6
6
21
13
27
23
26
15
20
12
25
20
13
12
21
8
16
15
16
3
13
2
10
27
21
23
23
23
21
14
24
21
20
22
4
13
25
13
11
28
13
22
5
5
2
23
24
14
8
8
22
22
8
9
16
15
15
8
7
13
15
16
9
7
13
14
5
18
6
7
12
6
16
15
5
17
18
16
11
21
22
13
21
22
10
14
10
14
9
10
10
17
18
15
21
16
14
20
18
17
18
15
13
12
12
19
2
38
24
26
27
25
25
27
27
18
7
7
7
9
8
36
36
5
37
7
8
5
5
3
19
13
12
13
24
12
13
12
13
11
11
12
18
21
3
3
33
9
9
7
7
7
4
20
6
21
25
7
5
5
15
37
25
5
6
11
12
4
18
5
12
4
3
7
3
4
3
3
16
5
3
4
4
4
21
26
27
20
26
26
26
18
37
36
2
17
8
9
10
9
10
9
3
10
14
15
11
23
20
22
64
6
6
16
8
6
16
7
13
18
10
18
15
11
9
6
23
5
30
24
9
9
10
11
5
26
19
4
3
9
11
18
19
4
5
12
18
17
17
18
17
10
10
10
33
10
7
7
7
4
6
10
7
10
14
5
14
4
13
4
34
15
6
33
34
8
5
4
8
9
8
9
9
7
10
17
24
7
8
22
8
5
7
74
42
16
17
17
17
15
19
19
14
14
14
27
27
25
4
26
27
26
5
6
6
5
4
5
68
7
8
8
10
21
48
47
20
48
45
15
18
25
17
26
24
23
16
17
6
6
6
5
8
24
24
24
11
11
13
11
14
13
15
8
14
15
15
8
9
19
9
9
12
11
14
12
13
17
47
49
5
12
11
13
12
13
11
8
6
14
12
12
11
12
12
26
4
24
27
26
26
8
7
9
4
5
3
23
4
23
5
23
24
8
24
7
20
6
4
5
7
5
3
28
18
18
19
17
18
18
14
14
21
21
5
5
6
21
3
5
4
18
23
6
84
12
12
12
13
11
16
17
17
17
19
16
13
11
9
9
11
11
11
20
21
11
11
5
6
7
9
20
7
2
6
5
3
4
3
4
5
5
6
4
5
6
7
10
11
8
24
13
6
7
5
5
7
5
6
7
4
7
12
8
9
57
58
16
17
14
9
8
12
4
11
9
10
9
8
35
8
7
9
35
6
5
8
5
9
10
9
10
11
10
10
10
9
6
16
10
16
10
16
17
16
18
5
18
19
17
17
18
4
9
14
15
15
10
21
19
22
12
21
38
38
30
34
36
33
12
33
35
8
12
3
4
5
11
10
6
9
2
6
4
31
8
7
7
7
29
5
23
8
9
15
6
15
22
21
7
19
20
21
5
4
27
15
5
7
4
6
3
4
3
8
7
9
4
10
11
7
3
23
6
11
14
3
4
7
7
4
6
10
10
7
10
9
1
14
2
5
5
18
16
18
16
3
4
9
11
4
4
3
11
6
5
16
19
20
20
20
13
13
13
13
13
12
19
17
18
3
14
7
4
8
7
1
10
10
5
8
5
5
5
6
2
4
3
14
14
14
14
9
2
3
3
19
19
2
2
1
4
1
12
2
12
1
18
9
11
3
10
11
11
2
1
1
1
1
1
1
1
1
1
2
1
1
1
1
1
1
1
1
1
1
1
1
1
1
1
1
1
1
1
1
1
1
1
1
1
1
1
1
1
1
1
1
1
1
1
1
1
1
1
1
1
1
1
1
1
1
1
1
1
1
1
1
1
1
1
1
1
1
1
1
1
1
1
1
1
1
1
1
1
1
1
1
1
1
2
1
3
8
8
7
2
26
10
10
11
11
12
11
3
3
3
7
5
2
11
11
11
8
3
2
14
7
3
13
4
3
14
2
8
11
10
29
13
29
13
13
13
3
5
2
1
3
14
1
4
6
6
3
2
3
3
4
2
4
7
11
10
10
8
12
11
11
11
4
10
3
7
5
7
7
7
7
9
3
1
6
6
2
6
6
7
6
9
5
23
23
23
6
4
3
8
8
9
9
9
8
10
11
11
12
6
4
4
4
3
2
23
6
6
11
14
15
12
14
12
10
19
4
10
9
17
3
3
4
4
3
2
4
4
4
3
7
25
19
9
3
3
10
10
6
6
6
6
6
6
6
8
8
7
6
4
6
6
6
8
8
6
7
16
6
15
5
6
5
5
5
11
3
2
3
3
9
9
4
3
1
13
9
4
12
14
13
18
19
7
15
15
4
4
3
4
3
3
4
4
4
4
4
5
5
5
6
6
6
5
3
2
3
12
12
11
11
22
9
4
22
21
12
4
12
4
11
11
9
12
24
2
1
10
8
9
13
14
6
2
1
16
4
10
2
3
3
3
14
9
7
8
8
7
8
8
5
9
10
7
13
11
12
11
9
18
6
12
13
13
3
13
9
5
6
10
10
9
10
6
7
7
11
8
8
7
12
9
12
5
6
5
7
5
6
4
4
5
4
7
6
8
5
6
16
7
22
23
2
2
1
1
1
6
16
3
1
7
8
7
11
9
9
9
10
9
9
8
8
8
9
9
7
4
7
8
5
7
3
11
9
8
8
24
24
7
8
8
8
8
8
8
8
8
10
12
3
3
4
8
7
7
7
7
2
12
6
5
6
6
6
13
13
12
7
4
7
4
13
7
4
2
9
2
10
2
15
13
13
2
5
6
1
13
11
4
3
2
5
4
11
13
13
13
8
13
12
18
19
4
5
4
3
2
3
5
5
2
2
2
3
5
4
6
16
15
16
11
11
9
10
3
1
2
4
12
3
4
5
6
5
6
5
5
6
8
4
5
11
15
16
9
6
9
10
11
10
9
4
4
5
7
21
18
6
18
6
7
4
5
2
6
8
7
12
10
1
6
3
5
13
11
11
7
2
3
3
2
15
15
8
5
9
10
6
8
3
2
14
14
15
15
15
14
13
8
12
5
5
6
13
10
13
2
11
12
24
8
8
4
3
7
1
1
1
5
4
6
3
6
5
12
5
12
12
14
13
13
14
14
14
4
5
4
3
5
2
6
12
7
7
6
5
5
6
6
7
5
7
9
9
6
6
1
1
3
2
2
7
30
31
4
8
7
13
21
4
4
8
5
12
7
7
8
7
5
5
14
11
13
15
2
4
6
7
9
4
4
1
1
1
1
1
1
1
1
1
1
1
1
1
1
1
1
1
1
1
1
1
1
1
1
1
1
1
1
1
1
1
1
1
1
1
1
1
1
