5
17
15
41
24
15
15
14
15
14
13
14
13
22
23
23
23
23
2
23
23
23
7
4
22
4
19
21
21
13
13
15
15
35
35
10
18
37
5
30
29
5
30
6
14
11
26
25
25
15
16
17
14
14
13
17
21
22
15
16
21
21
19
16
11
11
11
12
90
8
9
23
6
9
10
11
23
5
14
14
13
4
5
5
4
4
20
5
4
43
20
21
44
43
9
10
18
23
17
8
10
23
22
11
22
11
7
4
10
14
10
14
10
6
11
16
19
16
17
15
16
16
15
16
16
16
29
3
8
7
7
7
8
21
22
8
8
17
11
12
17
13
15
4
7
25
23
26
25
4
4
3
57
79
12
4
9
13
12
12
12
20
24
16
8
8
8
7
6
10
18
19
18
20
17
17
11
5
10
10
8
6
5
7
46
35
47
35
52
34
20
22
20
23
17
38
18
19
18
11
19
38
39
9
10
18
17
18
42
3
8
10
10
10
10
11
11
8
10
9
10
22
8
4
3
22
8
27
25
26
29
30
5
21
15
18
12
6
21
22
6
16
15
27
16
12
12
11
6
13
11
15
5
10
15
10
4
11
21
20
4
20
21
8
6
10
11
12
25
11
14
26
24
25
26
25
24
28
26
27
16
12
7
16
19
18
18
17
16
17
16
18
9
9
3
3
17
39
12
11
11
7
36
12
37
13
28
13
22
4
3
15
21
20
3
4
12
17
19
18
11
15
5
2
36
35
4
27
27
8
5
9
8
7
8
8
13
13
13
9
6
6
27
6
24
9
8
8
8
8
5
11
10
25
25
12
13
13
8
3
21
21
3
12
10
3
3
3
8
29
31
18
28
18
27
30
3
13
25
25
33
29
23
24
24
31
7
9
20
14
11
14
23
30
19
17
11
10
8
6
7
9
6
3
4
4
7
19
6
2
3
3
3
3
10
15
11
7
15
13
13
12
12
12
10
9
5
5
26
25
65
11
10
3
28
25
18
28
5
29
29
6
21
6
21
12
10
7
21
21
20
21
21
16
3
9
4
8
7
13
6
10
12
11
17
14
15
13
13
15
15
14
22
27
18
24
11
20
18
19
14
17
14
15
6
10
11
11
10
8
4
6
4
4
34
36
4
4
4
4
4
3
4
4
4
4
4
4
4
4
4
4
33
4
4
4
4
4
4
4
28
4
4
4
4
27
9
9
9
9
9
9
9
7
9
9
9
9
9
9
9
10
21
10
21
10
7
14
22
9
11
13
11
11
10
10
5
21
33
34
28
21
4
22
4
21
7
7
6
24
17
6
11
22
11
20
12
3
9
11
11
9
9
4
4
8
12
28
28
9
8
8
17
8
6
9
5
31
30
32
31
11
11
11
11
11
26
3
4
3
6
7
11
10
36
36
4
52
8
8
9
28
9
12
3
13
19
13
13
4
9
4
4
5
10
9
11
2
20
5
16
13
23
9
9
15
15
15
24
29
5
5
22
5
5
14
11
14
2
3
3
7
12
12
12
12
2
14
9
2
12
8
11
18
3
15
2
6
7
4
6
4
13
1
12
4
13
9
16
16
11
10
24
15
16
12
12
17
14
2
4
5
7
6
6
7
4
5
4
19
4
2
19
18
5
13
7
13
3
15
15
1
5
4
11
6
5
6
5
8
7
6
2
2
11
9
4
5
20
19
20
1
4
6
5
6
6
13
6
10
12
10
7
9
10
14
7
8
6
7
18
12
12
15
12
13
14
2
9
10
9
8
3
3
3
3
3
2
6
7
15
14
5
3
3
4
18
6
7
5
6
5
9
6
1
11
10
3
13
11
11
11
3
5
9
6
3
7
7
6
6
1
2
1
2
2
5
3
7
5
12
11
12
3
3
27
16
15
14
14
15
16
17
16
20
6
6
11
1
3
15
14
10
9
8
6
12
11
13
3
12
2
1
5
4
4
5
3
11
11
12
11
13
13
13
13
12
13
13
3
13
12
3
10
9
16
10
4
3
9
4
9
5
11
3
5
3
6
7
16
17
3
3
7
8
9
8
9
8
3
3
3
3
9
8
7
8
9
8
15
17
16
3
8
10
7
9
5
25
25
4
4
2
1
6
6
9
14
14
5
13
6
1
19
20
14
2
24
24
2
2
7
14
3
13
3
16
8
11
16
16
15
8
8
22
12
1
18
19
4
19
1
6
5
5
5
6
11
6
6
10
10
15
4
4
4
3
9
9
2
5
3
3
8
1
5
43
1
6
6
5
5
12
14
14
20
19
19
19
19
10
8
5
35
5
3
8
3
10
8
23
4
2
6
5
5
5
5
3
5
4
5
5
17
16
5
1
10
2
2
10
10
3
2
5
3
4
3
2
3
2
23
24
25
25
24
5
4
1
8
6
7
2
5
8
16
18
18
3
11
11
5
5
3
3
26
27
5
3
5
3
4
5
15
16
16
15
15
10
10
25
4
17
10
6
3
4
10
10
4
6
10
6
4
4
4
3
7
2
3
10
4
3
1
4
19
9
9
5
10
9
7
8
6
10
3
6
11
11
12
13
23
2
23
2
8
4
3
9
9
9
9
1
1
2
4
5
5
4
8
9
7
1
10
10
6
6
16
8
19
5
5
11
10
11
2
8
8
11
12
17
12
2
14
15
15
17
18
17
15
8
15
1
4
4
4
6
8
7
3
8
1
1
4
22
11
22
10
11
22
21
12
12
12
3
12
5
3
3
3
6
7
13
3
4
11
13
12
3
3
10
11
13
12
20
3
12
2
13
12
1
1
1
1
1
1
1
1
1
1
2
1
1
1
1
1
1
1
1
1
1
1
1
1
1
1
1
1
1
1
1
1
1
1
1
1
1
1
1
1
1
1
1
1
1
4
4
4
4
4
4
4
1
4
1
1
4
1
4
4
1
1
4
4
1
1
1
1
1
7
20
15
8
3
5
3
2
8
4
12
8
8
7
9
13
9
9
8
3
2
3
2
5
4
4
2
3
5
4
4
4
4
4
4
4
4
2
6
6
5
7
8
8
3
4
32
2
1
4
4
3
4
5
4
21
22
1
6
3
4
19
18
13
2
3
2
21
22
23
14
19
18
2
26
27
26
8
26
18
9
6
26
5
15
5
5
3
3
7
7
2
3
2
13
13
14
5
2
7
6
17
18
15
18
5
18
18
18
18
16
18
25
26
10
4
11
4
10
23
10
12
12
2
14
3
3
2
3
3
2
4
9
7
7
1
6
9
9
8
7
2
2
2
2
23
5
3
4
12
6
12
12
4
11
8
8
8
2
7
4
6
6
2
5
16
9
11
10
11
10
9
11
10
9
15
17
18
18
7
4
8
7
7
7
15
12
2
2
21
4
4
10
9
3
10
5
11
10
4
4
4
4
4
4
6
7
6
5
2
2
2
3
4
10
5
5
2
2
11
1
4
6
8
8
5
2
7
6
9
4
6
5
5
4
5
3
5
5
32
32
11
9
9
9
6
9
7
19
18
7
18
16
18
6
15
9
5
8
6
8
5
3
3
5
6
14
15
6
17
8
16
13
13
14
4
1
16
16
6
5
20
3
5
11
11
4
12
3
7
8
13
13
13
5
5
5
10
5
5
18
17
18
15
2
6
15
14
9
7
15
9
8
5
5
19
30
3
30
1
3
2
8
1
1
8
7
7
7
7
6
2
8
2
5
1
1
1
