4
5
5
14
13
12
14
17
7
11
15
3
13
14
4
3
11
11
14
39
38
37
16
38
5
25
11
7
11
12
93
4
25
14
7
4
13
11
10
5
4
95
11
97
94
9
43
10
12
44
12
14
13
14
15
33
32
33
22
22
35
40
16
27
16
16
17
16
15
27
15
3
10
9
7
11
9
9
23
13
41
21
6
7
32
8
15
13
6
6
7
6
6
7
3
7
4
11
2
8
6
74
7
10
19
18
20
26
48
27
9
11
6
12
5
7
28
22
26
9
9
28
10
7
6
11
4
10
15
10
7
7
7
12
13
12
12
7
9
5
3
5
8
8
3
9
2
2
2
15
15
18
9
10
9
18
8
10
9
9
8
21
22
23
13
18
3
7
13
7
10
11
21
10
21
19
22
11
23
20
22
14
37
13
37
11
8
4
7
15
25
24
6
28
26
25
1
1
27
25
25
25
2
6
5
5
10
5
9
11
10
9
10
5
5
6
6
7
9
24
7
8
6
13
14
20
13
12
18
12
4
10
6
7
20
11
5
8
8
7
2
4
17
3
4
10
6
12
11
6
11
5
23
10
22
22
3
10
9
9
6
8
9
3
7
17
17
17
47
5
18
32
19
20
17
6
5
15
20
19
6
6
6
8
9
12
14
3
11
12
4
4
5
5
18
3
3
8
7
10
9
8
9
13
10
9
10
8
67
12
61
11
13
13
12
13
14
14
12
9
5
7
10
6
8
10
24
30
7
84
14
7
15
15
17
4
32
20
22
16
21
51
11
10
11
11
22
22
21
25
34
11
13
12
13
24
23
66
51
7
6
16
17
4
8
9
4
11
10
10
14
20
29
29
28
30
28
8
29
26
8
2
20
7
2
19
8
3
20
4
2
10
14
15
12
8
11
9
16
7
10
10
10
102
13
16
9
17
17
3
2
19
25
10
9
6
6
12
6
12
4
13
42
17
17
16
24
15
4
8
8
8
5
7
11
7
8
21
3
4
13
8
7
12
17
11
11
10
10
10
18
10
41
13
8
5
13
11
10
9
10
11
33
14
6
34
6
35
39
39
39
15
12
6
43
15
12
14
6
17
13
16
2
4
8
8
5
7
6
6
8
9
6
7
9
6
5
7
5
15
17
16
18
13
16
5
5
4
6
12
6
30
7
6
31
33
30
19
19
65
64
23
14
5
22
17
20
3
25
15
15
8
18
2
12
19
20
20
14
5
16
28
16
14
14
14
16
29
15
27
23
15
19
18
30
17
18
10
16
17
18
18
18
18
5
7
6
4
8
21
22
7
34
10
6
7
8
10
26
4
4
25
24
25
7
13
8
7
11
6
12
7
13
12
12
7
6
6
4
5
6
5
6
6
7
5
7
4
9
6
7
8
10
30
9
4
30
8
5
28
26
36
20
8
6
7
9
8
7
7
4
7
7
8
5
3
11
28
28
4
5
5
28
9
8
146
146
9
9
9
5
21
4
12
13
4
4
4
4
4
4
4
6
21
20
22
13
12
5
4
2
4
3
21
4
26
7
9
9
19
26
17
27
3
18
14
17
16
13
23
8
6
6
7
7
8
40
11
11
10
9
7
6
8
7
22
21
22
8
30
9
32
33
13
13
11
11
11
9
8
7
1
2
1
1
3
13
7
7
7
7
7
7
7
7
8
7
10
4
4
2
4
3
5
2
10
10
7
6
10
7
1
8
7
7
3
4
4
5
8
8
17
10
24
24
10
10
4
4
5
6
4
11
11
7
7
7
10
5
6
6
5
15
6
14
5
6
5
13
30
2
2
3
7
6
3
7
6
5
5
5
7
8
8
8
7
2
10
8
10
9
9
9
3
2
4
3
5
5
5
7
5
4
4
3
5
9
1
10
11
8
3
1
5
6
1
4
1
12
11
25
9
10
17
4
5
3
7
7
7
7
14
2
14
7
12
1
13
1
13
11
12
11
10
1
8
1
1
1
1
1
1
1
1
1
5
5
2
1
1
2
1
1
6
1
1
3
4
6
5
5
6
1
1
1
1
1
1
1
1
1
1
1
1
1
1
1
10
11
9
10
7
8
10
8
10
11
8
8
8
10
9
10
11
7
6
7
6
2
7
3
4
5
3
3
1
1
2
1
1
12
1
3
6
1
1
1
1
1
1
1
1
1
1
1
1
1
1
1
1
1
1
6
7
6
4
7
4
4
5
3
4
4
4
3
4
7
4
7
5
4
2
4
4
1
4
6
5
7
4
5
4
4
5
8
1
6
1
1
1
1
1
1
1
1
1
1
3
22
2
18
1
23
8
7
7
8
7
6
7
8
4
7
6
8
7
8
3
8
8
4
7
3
5
5
8
9
6
7
5
5
5
4
9
10
10
9
5
5
8
5
12
8
4
3
4
6
20
4
3
7
13
5
6
20
20
11
3
5
10
3
2
13
4
5
4
2
3
4
4
17
30
30
15
3
14
19
15
17
19
29
3
5
3
5
2
2
18
4
18
5
4
2
4
6
18
4
3
8
8
8
6
6
7
6
6
4
3
4
4
4
4
3
4
4
5
3
4
11
3
3
4
3
4
6
4
4
4
6
4
11
2
3
3
6
6
6
3
25
1
7
3
4
7
5
3
7
4
20
7
31
3
25
3
4
7
18
6
24
4
4
6
23
5
6
31
25
4
6
25
6
4
17
30
2
5
6
1
4
4
20
5
5
5
1
21
3
5
5
4
21
14
13
28
14
8
18
8
40
7
16
11
41
11
10
2
18
6
18
41
41
40
13
10
2
44
9
18
18
41
41
41
9
10
9
4
10
11
10
30
11
7
9
9
8
9
10
10
11
9
7
6
4
23
24
26
6
5
6
5
5
6
7
5
5
12
6
12
6
12
11
6
6
11
13
13
6
12
5
13
5
14
6
5
6
5
64
66
6
63
7
7
7
15
9
8
20
18
17
5
2
8
5
2
15
10
4
1
8
10
6
5
8
19
7
8
7
8
20
18
9
19
5
14
15
11
6
6
6
6
6
4
58
8
9
5
5
7
5
6
11
10
4
5
5
4
5
5
6
6
6
10
5
6
21
5
4
11
9
9
11
10
10
10
22
11
10
15
6
14
13
3
3
3
6
2
4
4
6
6
16
12
8
8
8
12
6
8
8
7
5
7
7
7
8
14
4
3
3
3
4
21
8
8
12
7
10
9
12
9
16
6
6
13
24
4
13
2
5
5
6
5
5
6
11
10
9
4
4
5
5
6
9
10
4
5
6
6
4
5
3
3
6
5
6
5
3
7
8
7
9
4
5
5
7
4
9
6
4
7
12
1
3
12
6
1
16
5
16
4
6
14
11
3
4
4
17
16
6
26
26
6
7
16
16
17
16
15
41
3
4
7
7
10
10
8
10
9
9
10
10
11
22
20
11
6
10
6
6
6
6
9
6
3
12
6
11
5
12
4
9
11
7
5
5
7
8
8
7
6
7
7
8
7
7
8
8
8
6
7
7
4
4
23
3
24
3
13
12
12
2
4
6
5
12
12
22
12
3
4
4
14
13
14
13
4
4
4
3
9
16
6
4
7
9
9
12
5
12
21
21
15
8
6
11
10
7
1
9
6
10
8
1
8
2
2
2
2
2
2
7
3
3
17
16
2
5
7
7
7
7
15
7
14
6
3
7
9
8
15
16
3
11
9
3
4
4
4
4
7
7
3
7
7
7
5
5
1
5
4
6
15
2
32
38
3
4
7
6
5
4
3
5
3
3
17
3
8
6
4
7
1
4
6
7
5
6
4
6
3
29
2
3
40
39
3
3
2
16
4
4
8
9
12
11
11
11
11
10
12
5
4
3
3
3
5
4
13
20
5
2
7
2
5
7
9
7
3
1
3
5
6
7
3
1
7
11
12
4
18
4
11
8
8
8
4
7
5
9
20
4
5
4
5
4
6
9
9
4
3
11
5
7
5
6
6
10
25
2
24
7
25
9
6
7
8
3
2
15
5
4
9
8
5
10
9
4
9
4
9
11
12
6
4
5
2
2
3
14
2
2
8
3
1
1
3
6
2
7
4
3
9
2
3
4
5
8
6
10
5
4
5
6
6
19
3
4
9
8
5
2
7
4
18
12
7
10
13
5
4
8
7
6
5
6
5
3
3
3
5
5
5
5
6
5
3
3
3
5
6
6
11
12
2
3
2
2
2
30
31
8
30
29
8
1
1
25
5
1
1
10
1
1
7
1
1
2
14
7
8
6
5
7
7
2
3
7
7
12
12
12
11
18
5
17
8
8
13
13
12
2
7
1
9
9
9
1
4
6
19
17
20
20
3
2
2
2
3
6
6
7
8
1
2
3
3
6
1
8
13
8
8
4
7
5
3
4
4
5
5
4
4
6
6
5
8
11
12
3
7
7
2
5
6
7
5
3
2
4
4
13
2
14
4
17
5
5
4
13
14
3
9
10
6
8
8
5
5
6
19
4
12
19
9
11
1
11
19
4
9
9
8
1
8
4
5
9
13
11
12
8
3
1
3
7
3
8
8
1
11
11
4
6
3
23
12
12
1
18
17
4
17
18
11
5
4
7
4
7
3
6
6
8
