10
21
22
23
22
8
8
23
15
5
13
20
19
13
5
5
13
45
19
19
12
12
13
25
24
27
23
26
25
13
13
4
14
14
12
22
13
14
21
20
29
15
15
28
8
10
62
9
10
5
8
5
13
14
5
5
19
11
6
7
5
16
18
39
22
27
28
28
6
17
71
16
16
4
8
72
17
16
11
24
5
16
9
31
30
21
22
15
22
22
29
14
21
23
22
17
23
28
24
6
17
18
21
7
6
17
21
18
30
30
29
17
10
18
11
19
10
17
32
18
4
21
43
18
22
15
21
15
34
24
8
8
8
26
22
23
22
26
26
59
6
24
11
11
11
13
10
11
9
11
11
3
7
20
20
6
4
25
3
22
19
21
7
15
6
8
7
18
5
17
15
17
30
22
21
9
7
21
6
14
8
14
35
14
14
8
3
17
9
10
12
14
13
12
9
13
10
9
10
8
26
10
11
11
11
13
12
4
28
19
7
14
6
82
26
11
5
24
7
6
15
24
24
23
11
20
9
23
21
10
10
13
21
7
13
7
8
17
16
17
17
5
11
10
11
13
13
7
8
8
9
7
8
14
17
2
3
4
4
19
18
17
19
18
15
15
7
11
10
16
22
8
9
9
13
12
8
24
13
23
23
7
7
22
22
22
20
21
11
5
11
14
14
15
4
7
28
7
30
24
23
6
23
19
21
20
20
20
16
18
20
19
9
21
3
20
57
3
31
8
8
4
16
15
15
6
15
14
10
13
13
14
17
16
7
8
7
7
6
5
5
4
3
5
5
4
4
16
10
28
16
9
8
5
3
6
2
16
5
10
11
15
9
9
8
20
10
16
27
10
10
27
15
16
11
27
17
11
29
31
15
9
11
9
15
16
6
7
5
18
19
17
18
8
18
9
8
8
18
5
18
8
8
18
20
25
17
17
17
17
22
6
21
22
21
31
31
30
28
29
12
11
10
29
4
23
23
5
14
14
13
15
50
23
24
20
10
50
10
24
13
14
16
28
29
12
11
11
17
18
14
20
5
16
3
18
18
14
18
19
10
8
10
18
12
18
17
16
13
13
20
3
21
19
19
20
20
20
19
20
15
64
10
65
26
3
27
12
16
10
19
4
11
1
11
11
34
21
8
34
30
8
12
11
10
10
11
10
4
2
3
52
12
12
13
3
5
3
3
2
9
10
7
6
7
8
7
16
27
10
15
13
4
6
8
18
23
4
4
24
30
30
28
7
11
15
7
18
2
19
24
12
10
5
18
6
9
9
9
5
6
9
8
10
7
20
7
5
21
11
12
10
11
13
8
9
8
10
5
20
11
3
15
13
11
4
17
15
12
12
15
4
14
11
12
11
4
4
16
4
5
4
4
3
5
2
3
3
19
4
15
12
19
12
20
11
20
18
11
11
10
8
12
14
15
20
13
17
18
4
16
4
12
48
11
7
12
10
7
8
9
19
20
19
20
20
8
17
17
3
16
2
17
16
15
12
16
16
12
4
18
10
23
17
8
11
22
25
13
28
29
28
3
7
6
6
7
17
19
18
11
11
9
10
9
11
3
2
2
1
3
3
5
17
48
2
3
9
2
5
5
5
11
3
4
5
4
4
2
2
2
19
19
9
14
9
8
8
4
14
5
3
17
9
1
6
5
11
10
11
6
5
21
4
21
15
4
15
15
3
2
5
13
15
4
8
9
8
6
3
8
5
6
15
4
13
4
8
9
29
14
16
2
2
2
2
3
2
9
12
12
8
6
11
1
2
1
4
6
6
3
2
11
9
10
5
5
5
3
11
5
7
11
11
4
10
9
8
9
4
4
3
10
3
6
12
6
11
5
4
4
2
3
2
2
2
4
2
2
3
2
2
2
2
3
2
5
6
7
2
6
7
6
7
5
5
13
4
14
3
5
14
3
13
12
12
14
13
3
18
4
4
4
5
13
16
14
17
17
2
13
4
5
5
5
16
5
4
11
10
6
10
9
6
9
7
6
7
6
7
1
3
2
6
3
18
9
4
4
3
3
2
3
2
8
3
2
6
8
9
5
6
7
6
7
6
11
11
3
11
11
13
21
7
13
11
12
10
9
13
11
10
10
7
7
13
14
5
17
19
5
4
4
5
5
1
4
22
9
8
9
11
11
10
4
5
5
3
9
7
11
8
8
10
11
7
10
6
9
6
9
4
5
5
4
3
3
2
4
4
4
1
5
4
4
10
10
4
8
3
14
8
8
4
10
2
9
6
8
10
11
13
5
4
4
4
5
4
4
3
7
4
5
5
3
4
2
4
4
4
4
4
2
4
2
3
3
5
11
12
10
10
6
17
16
5
3
5
15
15
5
4
9
9
10
7
14
9
10
7
7
7
10
9
1
5
6
7
12
1
10
13
10
17
17
17
4
17
6
1
1
6
5
6
3
29
32
31
32
32
31
34
33
30
33
29
32
28
14
13
7
14
6
34
33
35
34
34
10
11
3
16
16
11
9
16
5
5
8
3
4
12
4
16
5
9
8
8
2
3
8
9
10
12
11
8
7
5
2
31
2
18
17
9
8
14
13
12
12
10
15
14
12
18
20
17
4
18
4
19
12
12
6
7
4
7
5
8
8
2
5
6
6
6
6
7
3
4
3
10
8
1
3
19
19
19
20
5
17
5
5
11
12
11
2
5
3
8
12
11
10
9
2
3
5
5
5
4
52
18
2
2
2
2
2
2
9
9
3
9
9
11
4
5
3
3
2
5
7
6
6
11
14
11
13
13
13
4
1
26
3
3
14
5
7
8
8
10
5
8
9
10
6
4
6
3
8
8
4
3
4
7
2
5
6
6
5
3
3
6
4
7
4
3
3
3
5
13
13
14
14
15
13
13
13
12
13
10
1
7
4
6
2
14
2
14
5
4
5
6
15
6
15
6
15
6
15
15
4
6
10
34
11
6
34
5
32
10
4
34
4
5
6
7
4
11
5
4
5
4
7
5
5
3
6
5
14
6
15
10
10
10
5
18
9
6
18
18
1
46
10
2
24
5
48
5
20
5
20
5
12
20
9
14
14
20
1
12
13
9
3
13
6
6
5
2
5
5
19
5
4
7
4
5
4
3
6
5
8
7
3
3
4
6
4
5
8
9
4
9
20
15
9
9
6
9
9
8
7
5
4
5
6
5
4
6
7
12
17
13
15
5
15
5
6
11
11
11
3
8
8
21
6
6
12
14
13
13
3
2
3
3
3
3
2
12
12
4
4
5
6
4
3
5
5
3
2
3
3
2
3
3
2
5
7
12
5
10
10
5
4
1
1
1
13
5
4
5
5
4
13
3
10
12
5
6
5
5
5
1
4
6
6
2
7
9
2
3
6
15
6
14
17
15
16
16
13
14
19
9
2
2
7
6
5
7
7
8
8
8
7
3
22
2
47
2
48
37
22
23
8
17
17
2
10
9
11
15
3
11
11
10
11
13
14
12
11
12
12
11
9
11
12
10
3
8
9
1
10
10
12
2
4
4
4
4
4
4
4
9
3
4
4
8
9
8
3
5
13
9
17
15
18
17
18
2
5
5
12
15
12
14
5
8
7
4
3
3
9
7
7
1
1
5
7
1
7
7
5
7
1
1
48
6
1
5
19
15
17
16
2
19
2
1
4
1
7
7
8
1
1
7
3
5
4
3
4
4
6
7
23
10
18
7
10
1
1
1
1
8
8
9
9
1
1
1
1
1
1
1
1
2
1
1
1
1
1
1
1
1
15
10
3
22
10
6
7
4
4
5
6
6
7
7
110
5
3
4
4
3
2
6
3
1
4
2
1
5
3
3
3
2
3
3
6
3
3
5
7
5
7
7
6
7
9
27
11
5
14
14
15
14
17
16
23
3
11
11
10
22
23
3
22
9
12
11
10
18
9
10
6
4
14
5
5
6
15
14
13
16
6
5
6
15
15
6
8
4
9
3
12
10
21
2
4
6
6
2
3
2
9
9
9
3
3
