4
2
3
5
52
19
19
20
19
62
62
6
5
2
7
8
14
70
2
8
4
27
12
6
5
6
39
10
12
30
5
3
31
10
11
13
5
4
5
8
9
13
10
7
12
13
32
36
10
11
10
12
6
9
10
5
11
13
17
27
6
19
19
20
5
19
20
23
17
9
39
15
23
14
10
14
6
11
4
5
5
11
10
15
5
13
11
9
13
24
7
22
6
4
21
6
7
8
7
8
2
69
72
71
25
7
5
26
26
4
15
15
31
30
18
20
19
5
3
11
10
9
6
11
12
29
8
9
3
5
6
6
7
13
3
2
8
2
9
10
9
8
8
8
5
14
18
5
5
11
10
9
10
14
13
12
15
12
14
15
13
16
10
10
7
8
9
9
10
8
23
9
21
7
23
14
3
15
14
13
3
12
16
14
14
3
14
19
18
19
9
4
19
19
6
6
11
17
10
7
40
17
11
16
7
7
35
12
13
11
12
5
6
19
17
17
13
18
18
11
18
13
24
19
17
18
22
6
25
20
7
6
17
18
18
43
42
43
42
3
42
11
7
7
7
14
22
6
11
11
86
16
17
85
26
24
24
5
6
14
9
10
14
13
4
3
5
3
13
13
31
31
5
38
8
7
6
25
25
6
6
5
5
5
4
6
6
6
13
7
6
6
8
16
16
19
29
17
17
26
14
15
24
40
11
14
7
22
23
22
10
23
8
8
16
7
17
18
16
18
18
10
9
3
12
6
11
6
10
7
6
4
3
9
6
3
6
8
8
10
9
9
9
9
8
8
9
10
8
8
7
8
7
9
9
8
7
6
9
6
25
8
17
18
11
16
13
8
7
11
12
11
13
12
14
15
12
11
12
12
11
13
12
18
18
24
16
14
5
15
4
14
16
13
8
9
8
2
19
12
19
7
3
12
18
28
26
28
11
10
19
19
16
59
59
7
3
7
13
2
8
6
6
7
8
7
16
17
14
6
16
9
9
6
8
78
8
7
9
8
9
8
6
8
8
8
6
6
7
7
7
6
11
10
8
11
11
9
9
48
22
7
9
6
6
4
20
22
28
7
14
15
41
14
8
29
12
13
18
14
48
8
20
21
7
7
8
9
9
10
17
15
16
16
14
17
9
65
23
23
2
32
33
32
30
14
11
15
12
14
4
16
13
44
5
4
12
42
38
1
6
6
6
6
6
6
6
4
4
3
2
37
8
9
9
8
3
2
2
2
3
3
3
3
3
3
3
1
1
2
3
3
3
4
5
2
2
3
2
2
4
2
4
2
4
2
3
3
4
2
3
2
4
2
2
2
4
2
3
3
2
2
7
1
1
2
5
1
7
2
2
5
5
2
4
7
6
1
10
3
5
5
4
5
7
12
11
10
11
11
7
7
8
2
2
2
1
1
7
7
2
2
8
2
14
1
9
3
7
11
6
12
12
12
12
7
10
8
8
9
9
14
14
14
5
1
6
3
5
4
5
4
5
4
2
9
10
10
17
10
16
16
16
17
3
14
5
28
8
16
18
14
19
16
5
8
17
15
15
16
5
16
6
9
5
20
9
9
9
15
13
14
21
7
10
8
6
10
9
7
10
2
2
2
12
10
10
10
9
9
5
11
8
13
13
4
2
2
3
4
14
23
22
5
3
4
15
6
3
2
3
3
8
7
6
6
6
7
7
9
9
8
8
15
13
14
13
14
15
3
10
8
7
4
5
4
5
6
4
3
8
3
8
7
8
7
4
1
2
9
8
8
7
10
4
12
2
7
7
8
4
19
2
9
16
7
16
3
15
15
18
7
5
4
4
5
18
5
7
11
10
11
3
11
10
11
3
4
4
9
4
4
20
20
21
10
1
6
6
8
5
13
3
5
4
2
13
10
9
14
21
21
22
4
10
10
4
4
4
4
6
5
6
3
2
9
5
4
18
14
13
1
4
6
6
3
5
5
5
5
6
6
4
1
4
5
5
9
9
8
9
9
8
2
4
13
3
7
6
5
4
6
5
1
5
4
4
5
5
5
3
4
7
4
2
5
8
9
6
9
9
9
9
9
15
14
14
14
13
5
6
13
15
5
9
5
1
7
6
13
5
2
11
10
9
1
6
3
3
13
15
4
14
8
6
8
11
6
5
6
5
2
27
5
4
6
7
4
5
4
5
3
3
5
3
6
5
4
3
5
6
6
6
15
14
13
10
4
3
3
5
9
5
6
5
5
2
7
8
7
6
6
6
7
4
4
4
4
4
5
7
8
8
1
7
8
9
19
7
5
5
5
4
3
7
3
4
10
9
9
1
11
6
6
10
2
3
6
7
8
10
6
5
5
5
4
5
5
3
3
7
8
29
28
2
3
2
3
5
5
2
4
19
27
12
9
2
6
4
5
5
2
13
11
1
5
16
16
16
6
2
4
4
5
8
4
4
5
11
6
5
5
6
14
15
6
6
6
6
6
6
4
4
6
5
9
9
8
4
2
4
12
13
11
7
4
4
3
4
10
2
13
11
2
10
10
5
5
7
7
7
3
3
14
2
9
8
4
3
5
6
5
5
26
7
4
8
8
4
5
6
6
4
4
6
6
7
11
3
12
24
7
4
2
12
4
4
10
1
11
3
3
3
2
1
3
14
23
16
12
9
10
7
16
16
15
14
3
23
8
8
7
2
5
4
30
3
3
3
4
3
3
5
3
4
4
3
4
5
3
3
2
3
9
9
8
6
4
4
5
4
4
4
4
3
14
3
3
15
1
10
7
14
8
8
1
10
11
6
9
13
8
14
11
13
8
7
2
6
4
4
6
6
8
2
14
5
2
5
1
12
36
11
11
11
12
10
12
11
2
37
18
32
7
32
32
33
32
11
32
32
32
7
28
8
7
9
3
12
6
2
6
2
4
5
9
15
13
17
2
9
5
5
6
5
10
4
3
3
26
12
22
10
17
11
11
4
5
9
3
5
5
13
6
5
5
6
6
2
6
5
4
5
2
2
6
6
5
2
5
3
4
5
