29
31
31
7
16
46
29
30
5
26
34
33
11
34
33
26
10
29
46
7
18
7
25
26
7
26
25
15
8
25
8
24
25
37
21
26
14
14
15
26
26
26
8
13
15
6
8
42
12
6
21
20
25
4
48
26
4
5
6
4
22
9
41
6
7
8
8
87
29
29
11
29
8
10
16
5
15
12
14
16
48
46
47
13
17
10
11
18
14
8
5
5
25
5
9
5
5
7
4
6
26
5
25
22
25
21
22
16
18
18
46
46
45
11
9
9
11
18
20
19
16
20
18
16
38
4
26
7
9
13
4
32
9
4
3
10
11
11
6
6
7
7
6
23
20
20
5
6
20
14
21
22
4
2
21
16
6
24
9
20
29
25
7
5
6
3
8
8
6
5
20
4
39
4
4
5
12
21
9
9
9
10
12
7
8
9
9
9
8
8
7
8
9
9
13
6
24
15
24
15
11
14
15
11
22
5
16
19
22
13
23
11
14
23
21
25
14
6
2
23
24
4
15
16
14
6
7
24
7
6
7
14
6
39
39
39
10
10
19
69
7
7
72
71
69
15
16
21
20
19
18
21
20
12
13
16
17
18
5
19
18
5
15
14
15
21
17
13
25
25
4
23
26
5
5
12
18
21
2
13
10
14
13
34
7
34
10
10
7
10
9
7
8
30
29
7
9
10
10
8
9
15
16
15
14
14
8
13
12
14
9
19
37
23
10
10
19
10
12
12
17
10
10
18
8
9
8
50
16
11
12
14
6
14
10
16
13
13
18
26
16
37
5
10
11
7
7
4
14
4
12
13
5
51
17
3
15
13
11
16
18
15
9
14
3
14
9
14
3
18
6
26
5
5
23
9
12
12
14
61
12
28
8
5
22
9
9
8
9
8
6
35
10
9
38
37
6
14
7
7
17
42
3
7
5
6
4
19
21
22
19
8
10
19
23
18
10
10
28
9
12
11
28
9
11
11
8
10
10
2
18
12
17
19
6
28
14
5
16
18
19
18
17
20
29
17
6
17
18
14
13
57
15
56
15
44
55
14
12
22
13
17
3
7
4
4
11
28
36
24
31
24
8
7
23
23
7
11
15
22
20
9
12
13
6
21
30
21
27
10
66
66
10
31
6
31
22
13
15
8
15
35
34
46
27
16
46
11
1
1
11
2
6
4
4
8
7
8
19
18
2
18
12
7
1
11
2
2
3
2
2
6
7
7
15
1
2
2
8
5
8
7
1
2
2
2
8
2
14
2
9
10
3
3
1
8
17
17
6
6
1
7
1
1
1
1
1
1
1
1
1
1
1
1
1
1
1
1
8
3
2
2
4
3
3
2
6
1
14
7
8
11
11
5
21
22
2
1
4
3
3
3
2
9
7
8
8
7
8
9
8
12
7
8
7
7
4
8
6
26
16
6
5
5
5
5
13
9
13
7
6
4
4
6
6
6
6
6
5
2
9
10
2
10
4
3
2
2
6
4
4
4
7
11
13
7
6
7
4
4
4
3
4
3
9
7
8
2
2
10
11
14
13
9
10
9
17
2
9
12
2
3
9
6
10
6
5
12
6
6
9
9
57
9
17
9
6
9
5
5
11
3
6
7
5
8
11
22
7
1
14
13
1
1
1
5
3
5
4
2
5
3
5
11
10
6
5
7
11
12
6
12
12
12
11
12
11
18
17
15
17
17
16
16
16
16
2
9
2
11
2
2
16
8
8
4
7
8
7
7
9
7
3
3
2
5
16
4
4
4
5
4
4
4
4
15
15
1
4
4
4
15
15
1
3
15
1
17
13
3
1
3
1
2
1
5
5
1
4
5
5
13
13
2
9
8
8
4
2
3
4
3
3
1
8
9
4
4
4
17
3
10
11
10
4
17
17
17
3
10
10
27
20
4
27
1
2
8
8
8
6
8
4
4
6
7
7
8
7
4
6
3
2
2
3
3
3
17
17
17
17
4
2
14
2
2
2
15
15
6
17
18
3
8
6
4
8
7
5
4
6
6
4
18
18
18
4
4
3
6
6
5
4
5
18
10
18
3
9
22
4
5
7
12
7
24
24
24
24
24
24
24
3
11
5
14
6
6
7
7
8
8
17
10
6
1
4
7
5
5
6
6
7
13
7
13
15
9
8
2
4
9
8
5
8
15
15
3
3
4
3
2
9
4
2
4
4
4
3
3
3
2
20
1
25
25
25
25
1
1
1
1
1
1
1
1
6
6
4
1
10
10
10
5
1
1
6
19
19
5
16
15
4
2
4
5
4
6
5
1
10
10
10
4
26
24
4
5
4
4
4
4
28
2
4
14
11
14
11
14
5
14
2
12
14
5
5
5
15
5
7
8
16
10
16
6
6
22
3
9
4
2
4
5
2
2
3
2
4
8
8
9
15
10
6
15
5
5
8
18
19
19
17
19
17
19
19
17
17
5
9
10
9
7
6
9
4
11
11
10
12
11
11
10
1
1
1
1
1
1
1
1
1
1
1
1
1
1
2
4
18
2
21
2
13
5
11
10
10
10
10
10
11
7
8
8
5
4
9
4
9
9
8
9
8
8
25
8
8
8
2
3
5
6
5
25
25
5
7
10
8
9
26
3
25
10
10
11
11
11
12
4
3
14
2
4
12
5
3
4
9
5
15
7
15
14
7
15
7
14
5
6
7
6
6
15
10
5
4
8
11
10
7
2
7
2
11
8
8
10
10
26
5
21
21
22
22
22
5
7
3
4
13
13
13
21
16
16
17
14
21
16
21
23
16
16
21
16
8
8
8
9
8
12
5
12
3
16
10
10
1
12
3
4
4
13
12
16
8
7
11
13
11
9
11
10
10
1
9
2
6
4
4
5
3
4
4
5
4
3
4
26
9
5
25
5
26
17
19
20
18
8
8
15
16
5
19
9
8
8
7
8
11
1
7
6
6
2
2
20
18
6
20
20
19
7
7
7
3
8
26
3
5
5
6
7
6
7
7
18
7
7
11
18
18
18
18
7
7
7
5
5
9
8
6
6
18
5
5
6
6
4
8
8
8
7
6
8
6
5
6
4
9
10
19
5
19
5
6
5
2
12
12
14
13
10
9
7
8
9
6
6
4
6
3
3
4
4
3
7
7
7
7
5
7
7
7
7
6
8
7
6
17
10
2
2
12
6
6
9
10
4
14
9
4
13
12
23
13
13
13
8
3
1
32
29
34
11
9
6
5
5
7
7
14
5
7
6
4
3
11
3
27
5
5
5
7
5
4
9
6
4
1
7
2
9
6
9
7
49
6
49
9
3
9
3
19
14
1
14
20
19
21
3
13
4
13
13
4
1
14
20
2
2
13
3
4
13
2
13
6
13
6
6
6
7
1
15
12
10
15
14
14
16
14
15
9
8
6
9
2
3
7
