21
21
8
18
12
44
12
9
12
20
19
20
14
15
9
11
15
15
41
14
13
10
8
9
12
9
9
9
13
14
11
11
32
30
8
8
10
9
10
4
10
10
5
4
4
22
5
6
6
18
20
32
19
9
8
8
5
5
6
25
33
3
8
32
7
55
5
8
9
8
7
3
23
22
17
37
16
5
9
15
10
36
37
24
25
21
11
26
25
6
15
14
17
15
17
16
16
12
2
14
23
15
16
16
16
15
4
15
23
15
16
16
7
10
21
15
21
17
5
17
9
16
6
14
11
13
14
27
11
12
15
10
11
12
42
41
31
9
19
7
32
40
19
17
5
31
31
43
33
14
12
13
15
16
15
5
12
3
12
14
14
13
13
4
18
18
19
16
10
18
17
11
7
8
17
16
9
17
13
9
24
15
3
10
14
5
10
11
6
37
7
23
21
24
36
16
17
31
10
5
7
6
4
4
3
5
11
22
5
13
5
12
13
14
12
14
13
11
14
13
15
10
13
23
25
35
18
4
4
12
37
27
9
24
26
26
23
23
22
23
1
11
1
1
10
1
8
12
13
2
7
8
11
4
2
5
6
7
4
5
5
6
6
5
4
5
5
6
11
15
14
5
1
9
9
10
10
10
9
8
9
12
20
3
4
19
3
1
18
2
12
10
9
9
2
11
12
3
6
6
7
20
9
6
9
4
6
7
7
9
9
10
7
9
8
11
11
6
12
14
6
6
13
6
13
6
12
2
5
9
1
4
5
12
12
5
6
18
17
17
16
17
17
23
5
5
20
21
21
3
4
20
12
12
5
10
1
1
3
9
5
4
1
1
3
4
3
5
20
5
21
21
18
18
18
2
4
6
2
6
5
5
4
5
6
5
6
5
5
2
3
11
3
12
2
4
2
11
6
2
9
7
3
13
11
12
12
6
9
7
5
5
4
5
5
2
3
3
15
12
11
12
3
3
3
3
4
5
5
6
6
6
6
6
4
6
16
16
4
4
17
3
6
6
6
4
4
7
15
7
16
7
6
6
5
4
5
5
6
4
3
6
3
16
6
9
17
17
7
18
6
2
10
10
20
20
21
21
5
2
20
19
2
2
3
3
16
9
12
9
16
9
9
12
12
14
12
4
13
13
3
17
4
15
9
9
17
2
15
2
12
13
21
21
5
20
13
14
15
7
12
21
14
20
13
6
15
16
15
5
4
5
9
5
3
9
22
3
2
4
2
5
4
9
3
2
15
9
12
9
9
5
4
14
15
15
15
11
17
3
4
4
3
5
4
5
3
6
6
5
6
5
5
7
6
9
15
4
9
7
7
5
10
14
9
3
6
8
9
7
6
3
3
3
4
6
2
4
3
10
2
13
7
3
3
20
4
4
6
18
2
8
14
10
1
9
2
8
6
7
16
5
4
5
13
13
13
14
2
3
3
3
11
11
15
13
5
2
4
13
2
17
17
4
18
12
19
18
4
4
5
5
5
7
8
7
5
5
4
8
3
8
6
5
5
4
6
7
7
11
11
4
4
4
6
4
3
2
1
2
8
8
7
5
7
5
12
13
22
12
2
9
3
1
12
12
7
10
5
17
6
4
23
4
7
4
2
18
7
7
5
6
8
13
4
6
12
13
13
2
31
19
2
3
4
10
6
11
9
9
3
3
8
3
6
12
7
10
10
9
9
9
9
3
1
15
16
11
10
11
4
4
3
4
4
14
7
7
7
9
9
15
14
14
2
8
9
8
10
4
9
10
6
7
15
17
15
15
4
2
1
9
4
8
9
10
12
11
10
14
10
13
6
11
9
9
10
10
2
6
15
12
12
12
9
3
10
12
25
20
19
4
20
2
10
10
9
10
2
10
20
41
2
14
20
2
2
7
3
9
10
20
19
9
12
20
3
9
11
8
19
20
19
19
8
9
10
9
9
10
9
5
10
9
